=== CALIBRATION PARAMETERS ===
Scale X: 1.000000
Scale Y: 1.125912
Center X: -86.695308
Center Y: -79.918474
Data Points: 435
Timestamp: 20250712_152349

=== RAW AND CALIBRATED DATA ===
Index, Raw_X, Raw_Y, Raw_Z, Pitch, Roll, Calibrated_X, Calibrated_Y
1, -286.000000, -116.000000, -97.000000, -6.704247, -3.813858, -186.024822, -60.113257
2, -279.000000, -115.000000, -97.000000, -6.688808, -3.805978, -179.107414, -58.904551
3, -285.000000, -115.000000, -100.000000, -6.679916, -3.802529, -184.737706, -59.167872
4, -283.000000, -121.000000, -96.000000, -6.671412, -3.797926, -183.235609, -65.580617
5, -281.000000, -116.000000, -98.000000, -6.664304, -3.802675, -181.032924, -60.103144
6, -282.000000, -116.000000, -97.000000, -6.672904, -3.806472, -182.122843, -60.049694
7, -281.000000, -115.000000, -98.000000, -6.674335, -3.820958, -181.010169, -59.027065
8, -282.000000, -117.000000, -96.000000, -6.665724, -3.827255, -182.255097, -61.145377
9, -282.000000, -116.000000, -95.000000, -6.645676, -3.848410, -182.415627, -59.989704
10, -284.000000, -115.000000, -96.000000, -6.645371, -3.861043, -184.287142, -58.988612
11, -283.000000, -114.000000, -95.000000, -6.642424, -3.870597, -183.416122, -57.802487
12, -279.000000, -122.000000, -93.000000, -6.648261, -3.889232, -179.661618, -66.647677
13, -281.000000, -119.000000, -101.000000, -6.642802, -3.888675, -180.734635, -63.898931
14, -283.000000, -116.000000, -100.000000, -6.613204, -3.889467, -182.905074, -60.462086
15, -278.000000, -119.000000, -95.000000, -6.547735, -3.882252, -178.658413, -63.368900
16, -279.000000, -116.000000, -97.000000, -6.536189, -3.865482, -179.449653, -60.115443
17, -279.000000, -114.000000, -96.000000, -6.517774, -3.851398, -179.604332, -57.753877
18, -284.000000, -121.000000, -97.000000, -6.518267, -3.819224, -184.457397, -65.659682
19, -281.000000, -115.000000, -95.000000, -6.526858, -3.811326, -181.684892, -58.729294
20, -286.000000, -121.000000, -96.000000, -6.537938, -3.815445, -186.514080, -65.600351
21, -278.000000, -117.000000, -97.000000, -6.558559, -3.812280, -178.406152, -61.112557
22, -281.000000, -117.000000, -96.000000, -6.575530, -3.815942, -181.462970, -61.078383
23, -280.000000, -115.000000, -97.000000, -6.590501, -3.819797, -180.321470, -58.911770
24, -281.000000, -119.000000, -98.000000, -6.610287, -3.815171, -181.155317, -63.484428
25, -282.000000, -116.000000, -100.000000, -6.623933, -3.800971, -181.887041, -60.241866
26, -284.000000, -115.000000, -96.000000, -6.643341, -3.788637, -184.291685, -58.816782
27, -278.000000, -117.000000, -96.000000, -6.659228, -3.766251, -178.296603, -60.964896
28, -282.000000, -114.000000, -95.000000, -6.668196, -3.756475, -182.365690, -57.535489
29, -287.000000, -115.000000, -97.000000, -6.678543, -3.754371, -187.076206, -58.846949
30, -282.000000, -115.000000, -99.000000, -6.686647, -3.761120, -181.858988, -58.969685
31, -284.000000, -119.000000, -99.000000, -6.682310, -3.767821, -183.855329, -63.495553
32, -285.000000, -120.000000, -96.000000, -6.679056, -3.773948, -185.204926, -64.420531
33, -277.000000, -118.000000, -98.000000, -6.696710, -3.693993, -176.986674, -62.066695
34, -280.000000, -119.000000, -97.000000, -6.508736, -3.800074, -180.504570, -63.330342
35, -282.000000, -114.000000, -98.000000, -6.499983, -3.752550, -182.398079, -57.687677
36, -283.000000, -116.000000, -96.000000, -6.399392, -3.840141, -183.841343, -59.966404
37, -280.000000, -120.000000, -97.000000, -6.523766, -3.713188, -180.470953, -64.254043
38, -279.000000, -113.000000, -96.000000, -6.570748, -3.652834, -179.486752, -56.182342
39, -280.000000, -117.000000, -99.000000, -6.649153, -3.577569, -179.958215, -60.742923
40, -285.000000, -120.000000, -99.000000, -6.705025, -3.513050, -184.796384, -64.016235
41, -287.000000, -106.000000, -98.000000, -6.826418, -3.507940, -186.621639, -48.258132
42, -294.000000, -88.000000, -89.000000, -6.832533, -3.744891, -194.628608, -28.020715
43, -298.000000, -66.000000, -85.000000, -6.769969, -4.149666, -199.206770, -3.935942
44, -294.000000, -52.000000, -80.000000, -6.461936, -4.819524, -196.433415, 10.928477
45, -301.000000, -30.000000, -77.000000, -5.549150, -6.208071, -205.448221, 33.464079
46, -303.000000, -45.000000, -82.000000, -4.678561, -6.785286, -208.606712, 15.447941
47, -300.000000, -59.000000, -79.000000, -4.729158, -6.288143, -205.770151, 1.130102
48, -299.000000, -46.000000, -70.000000, -5.093113, -5.763435, -204.909944, 17.503823
49, -285.000000, 17.000000, -67.000000, -5.370256, -5.495481, -190.783109, 88.902314
50, -272.000000, 48.000000, -60.000000, -5.203014, -5.772022, -178.742854, 124.129171
51, -207.000000, 100.000000, -67.000000, -3.476618, -7.659838, -115.860775, 179.584667
52, -177.000000, 108.000000, -81.000000, -1.730398, -8.361450, -87.778056, 186.093475
53, -167.000000, 116.000000, -67.000000, 0.924256, -8.764474, -81.363715, 197.968390
54, -172.000000, 113.000000, -71.000000, 1.673804, -8.673444, -87.305159, 194.494569
55, -191.000000, 105.000000, -69.000000, 1.865913, -8.555705, -106.450097, 186.313765
56, -260.000000, 62.000000, -70.000000, 0.139550, -8.667677, -173.474413, 137.157748
57, -288.000000, 19.000000, -67.000000, -1.047229, -8.452692, -200.032057, 89.120581
58, -302.000000, -38.000000, -76.000000, -2.776447, -7.963081, -211.268807, 23.424196
59, -287.000000, -100.000000, -91.000000, -4.748785, -6.923735, -191.785872, -47.385207
60, -274.000000, -142.000000, -98.000000, -6.422833, -5.243103, -174.622144, -92.465401
61, -258.000000, -165.000000, -108.000000, -7.551289, -3.273661, -154.874545, -114.617422
62, -245.000000, -172.000000, -107.000000, -8.191106, -1.517903, -140.560434, -117.870169
63, -247.000000, -173.000000, -109.000000, -8.354344, -0.362929, -141.846513, -115.885443
64, -253.000000, -162.000000, -108.000000, -8.354502, 0.091362, -147.927742, -102.221186
65, -261.000000, -155.000000, -99.000000, -8.376349, -0.598868, -157.098697, -96.188383
66, -291.000000, -107.000000, -84.000000, -8.334948, -1.397075, -189.054402, -43.957792
67, -304.000000, -59.000000, -74.000000, -8.203679, -2.472868, -203.634638, 7.886196
68, -294.000000, 1.000000, -62.000000, -7.820802, -4.001146, -196.133385, 73.073131
69, -172.000000, 114.000000, -83.000000, -4.430736, -8.207465, -78.378590, 191.521066
70, -85.000000, 118.000000, -99.000000, -0.783636, -9.486708, 3.057241, 192.373516
71, -1.000000, 95.000000, -123.000000, 3.576422, -9.078723, 78.024538, 163.741699
72, 61.000000, 56.000000, -145.000000, 7.304523, -6.747899, 128.764535, 122.479518
73, 121.000000, -37.000000, -163.000000, 9.112617, 0.578094, 180.352955, 40.307835
74, 137.000000, -71.000000, -166.000000, 7.509293, 3.240864, 200.826310, 11.721793
75, 134.000000, -97.000000, -168.000000, 5.530717, 4.651368, 203.879757, -12.488624
76, 129.000000, -132.000000, -168.000000, 2.292903, 5.539419, 208.870677, -49.202473
77, 129.000000, -131.000000, -176.000000, 1.387182, 5.573710, 211.396801, -47.296194
78, 131.000000, -125.000000, -168.000000, 0.968183, 5.602077, 214.837879, -41.442730
79, 134.000000, -111.000000, -169.000000, 0.869309, 5.696791, 218.115864, -25.327596
80, 138.000000, -79.000000, -171.000000, 1.783754, 5.745902, 219.305659, 11.168800
81, 137.000000, -69.000000, -160.000000, 2.534878, 5.562510, 216.484845, 20.702417
82, 135.000000, -52.000000, -160.000000, 3.593198, 5.059186, 211.402396, 38.294092
83, 126.000000, -29.000000, -150.000000, 4.749440, 4.316805, 199.842893, 60.912469
84, 56.000000, 67.000000, -127.000000, 7.274912, 1.860675, 126.162462, 160.179458
85, -8.000000, 99.000000, -122.000000, 8.303061, 0.245790, 61.161257, 191.960227
86, -84.000000, 113.000000, -99.000000, 8.703584, -1.686566, -11.318327, 204.269765
87, -153.000000, 116.000000, -79.000000, 8.148930, -4.100687, -75.957832, 205.639677
88, -208.000000, 99.000000, -69.000000, 6.528262, -6.303998, -127.800836, 185.158258
89, -278.000000, 33.000000, -72.000000, 1.762770, -9.195327, -193.387944, 105.186505
90, -299.000000, -11.000000, -74.000000, -1.220025, -9.758701, -210.661313, 52.378663
91, -300.000000, -58.000000, -81.000000, -3.895393, -9.250180, -207.108875, -2.849741
92, -285.000000, -108.000000, -90.000000, -6.026507, -7.991840, -187.280650, -59.193464
93, -262.000000, -151.000000, -105.000000, -7.798193, -6.238741, -158.634894, -106.165399
94, -248.000000, -175.000000, -108.000000, -8.942739, -4.126240, -141.501742, -128.371722
95, -248.000000, -175.000000, -107.000000, -9.339189, -1.008175, -140.653612, -119.974509
96, -245.000000, -169.000000, -107.000000, -9.195984, -0.204881, -138.055939, -110.942312
97, -262.000000, -159.000000, -99.000000, -9.021233, 0.020271, -156.540584, -99.046195
98, -287.000000, -106.000000, -83.000000, -8.756113, -0.741560, -184.324793, -41.250204
99, -273.000000, 42.000000, -58.000000, -8.154142, -3.677687, -175.318153, 120.166506
100, -206.000000, 97.000000, -67.000000, -6.725701, -6.179678, -110.040257, 177.508663
101, -20.000000, 101.000000, -114.000000, 1.069674, -9.318254, 64.570613, 171.423830
102, 110.000000, 10.000000, -154.000000, 8.791859, -4.530936, 171.864625, 76.110547
103, 136.000000, -88.000000, -170.000000, 8.292983, 2.800121, 196.753266, -8.711819
104, 132.000000, -127.000000, -170.000000, 6.234117, 4.704127, 199.454201, -45.662759
105, 124.000000, -150.000000, -169.000000, 4.111156, 5.535073, 198.260347, -68.909266
106, 114.000000, -162.000000, -169.000000, 2.260654, 5.772435, 193.940274, -81.922198
107, 118.000000, -150.000000, -173.000000, -0.107352, 5.819824, 205.019241, -68.372020
108, 133.000000, -133.000000, -168.000000, 0.046868, 5.992714, 219.557839, -49.248720
109, 134.000000, -103.000000, -166.000000, 0.725284, 6.158130, 218.583301, -15.128567
110, 135.000000, -76.000000, -168.000000, 1.622294, 6.257648, 216.885017, 15.937403
111, 127.000000, -25.000000, -152.000000, 3.962578, 5.751790, 202.887754, 70.013055
112, 110.000000, 6.000000, -147.000000, 5.308281, 4.754239, 182.623923, 101.259239
113, 74.000000, 58.000000, -128.000000, 6.591314, 3.259542, 145.513502, 153.799681
114, -104.000000, 117.000000, -87.000000, 8.505722, -1.514937, -29.028818, 209.500811
115, -187.000000, 104.000000, -76.000000, 8.289518, -4.300909, -109.308263, 192.609873
116, -255.000000, 65.000000, -64.000000, 6.377405, -6.936387, -173.835631, 147.770055
117, -301.000000, 3.000000, -62.000000, 3.174785, -8.495073, -217.276418, 75.735485
118, -274.000000, -136.000000, -95.000000, -4.141932, -8.241456, -179.727453, -90.110608
119, -225.000000, -191.000000, -107.000000, -7.522852, -6.531147, -122.359443, -151.092528
120, -171.000000, -234.000000, -132.000000, -9.580473, -3.520321, -59.950608, -194.013718
121, -52.000000, -259.000000, -166.000000, -8.951942, 2.548352, 61.159299, -202.790381
122, 34.000000, -237.000000, -184.000000, -5.734842, 6.269874, 138.911306, -163.232398
123, 65.000000, -220.000000, -187.000000, -3.830774, 7.025269, 164.043516, -140.826825
124, 109.000000, -175.000000, -190.000000, 0.816188, 6.848787, 192.977758, -89.994028
125, 120.000000, -164.000000, -188.000000, 1.899182, 6.424768, 200.398899, -79.397662
126, 119.000000, -158.000000, -190.000000, 2.722155, 5.983812, 196.537414, -74.067185
127, 122.000000, -154.000000, -190.000000, 3.315289, 5.593396, 197.503350, -71.056314
128, 121.000000, -160.000000, -197.000000, 4.035893, 5.104369, 193.530114, -78.974861
129, 101.000000, -181.000000, -192.000000, 3.863328, 5.197458, 174.529467, -102.801149
130, 90.000000, -200.000000, -188.000000, 3.503864, 5.421268, 165.037288, -123.710676
131, 76.000000, -212.000000, -193.000000, 3.131932, 5.748732, 152.037178, -135.372440
132, 63.000000, -223.000000, -186.000000, 2.719760, 6.037782, 140.798467, -147.410224
133, -3.000000, -252.000000, -175.000000, 1.799348, 6.577907, 78.201894, -179.395695
134, -158.000000, -235.000000, -130.000000, -0.774671, 6.541660, -69.532632, -166.000546
135, -274.000000, -145.000000, -96.000000, -5.101208, 4.204001, -177.683562, -72.996345
136, -299.000000, -87.000000, -80.000000, -6.902688, 1.985427, -200.522779, -13.477341
137, -305.000000, -76.000000, -78.000000, -8.169446, -0.323203, -204.125712, -6.415101
138, -296.000000, -87.000000, -87.000000, -8.882080, -3.627121, -192.322201, -27.217557
139, -294.000000, -93.000000, -85.000000, -9.090981, -4.332777, -190.181443, -35.582857
140, -295.000000, -105.000000, -85.000000, -9.534206, -4.286231, -190.150732, -49.137325
141, -295.000000, -105.000000, -78.000000, -10.026354, -3.797786, -190.219498, -47.600861
142, -300.000000, -41.000000, -72.000000, -10.358896, -3.434297, -195.468338, 25.423651
143, -290.000000, 13.000000, -59.000000, -10.024340, -4.169556, -188.607597, 85.628008
144, -255.000000, 74.000000, -60.000000, -9.062269, -6.143411, -155.671250, 150.778678
145, -193.000000, 104.000000, -77.000000, -6.607850, -8.809162, -96.161955, 178.613964
146, -115.000000, 117.000000, -82.000000, -2.774001, -10.976359, -24.201419, 190.488699
147, -39.000000, 117.000000, -103.000000, 2.081350, -11.626909, 43.980240, 185.911809
148, 33.000000, 84.000000, -124.000000, 6.796382, -10.215210, 104.789099, 147.630278
149, 82.000000, 47.000000, -148.000000, 10.123115, -6.812207, 141.405704, 111.080140
150, 137.000000, -64.000000, -165.000000, 9.561776, 3.800976, 194.383676, 21.861289
151, 136.000000, -83.000000, -166.000000, 7.700689, 5.555051, 199.225119, 6.822162
152, 136.000000, -113.000000, -170.000000, 4.403803, 6.735208, 209.240304, -22.670690
153, 134.000000, -99.000000, -166.000000, 3.079574, 6.312140, 211.583807, -9.460752
154, 138.000000, -62.000000, -158.000000, 3.629920, 5.219628, 214.415207, 27.447543
155, 126.000000, -25.000000, -151.000000, 4.602209, 4.276242, 200.173216, 65.333964
156, 93.000000, 38.000000, -132.000000, 5.757883, 3.191654, 165.983203, 131.454489
157, 27.000000, 86.000000, -117.000000, 6.909595, 1.720806, 99.423751, 180.740121
158, -131.000000, 117.000000, -81.000000, 8.299399, -2.734975, -54.624781, 208.209914
159, -200.000000, 105.000000, -65.000000, 7.149497, -5.385490, -119.839465, 193.432383
160, -258.000000, 64.000000, -65.000000, 4.930726, -7.454479, -175.936753, 145.147392
161, -298.000000, -36.000000, -77.000000, -0.959235, -9.455346, -209.973871, 24.773378
162, -295.000000, -95.000000, -87.000000, -4.229949, -8.935877, -201.084054, -44.724014
163, -175.000000, -231.000000, -136.000000, -9.395127, -2.189745, -63.756332, -186.978447
164, -116.000000, -250.000000, -157.000000, -9.442121, 0.779311, -1.977066, -198.870375
165, -18.000000, -250.000000, -174.000000, -7.172713, 5.361685, 90.561937, -181.928546
166, 21.000000, -240.000000, -182.000000, -5.409379, 6.725993, 124.759158, -164.808553
167, 50.000000, -231.000000, -185.000000, -3.578897, 7.397585, 148.146038, -151.688531
168, 86.000000, -203.000000, -191.000000, -0.516102, 7.349610, 174.412262, -119.366672
169, 98.000000, -195.000000, -190.000000, 0.642813, 6.989696, 182.557536, -111.821138
170, 96.000000, -195.000000, -189.000000, 1.502291, 6.601131, 177.707312, -113.398980
171, 89.000000, -208.000000, -188.000000, 2.219130, 5.948115, 168.348930, -130.689671
172, 69.000000, -212.000000, -188.000000, 2.188133, 5.776688, 148.466998, -135.974639
173, 47.000000, -229.000000, -185.000000, 1.856247, 5.707200, 127.678132, -155.763977
174, 4.000000, -249.000000, -180.000000, 1.197616, 5.714562, 86.932286, -178.855554
175, -168.000000, -230.000000, -126.000000, -1.681354, 5.219383, -77.535402, -164.562839
176, -294.000000, -98.000000, -83.000000, -5.513652, 2.873584, -197.969569, -24.024437
177, -266.000000, 48.000000, -64.000000, -6.934287, -3.033750, -169.632197, 128.187137
178, -210.000000, 93.000000, -73.000000, -5.795887, -6.106971, -114.859268, 172.794641
179, -64.000000, 117.000000, -106.000000, -0.151554, -9.805297, 22.975914, 189.368654
180, 61.000000, 57.000000, -139.000000, 5.843516, -7.470210, 133.226481, 122.400484
181, 96.000000, 25.000000, -148.000000, 7.460329, -4.993309, 162.666393, 92.356898
182, 120.000000, -16.000000, -159.000000, 7.917280, -2.351552, 183.650284, 53.880135
183, 129.000000, -46.000000, -164.000000, 7.452642, -0.109412, 193.333675, 27.741018
184, 138.000000, -66.000000, -161.000000, 6.590714, 1.506808, 205.304358, 10.838101
185, 135.000000, -97.000000, -170.000000, 4.741093, 3.553429, 207.182328, -16.483801
186, 138.000000, -99.000000, -168.000000, 4.065328, 4.143824, 212.437916, -16.825568
187, 135.000000, -101.000000, -164.000000, 3.666276, 4.562085, 210.932052, -18.008421
188, 137.000000, -89.000000, -164.000000, 3.491071, 4.844153, 213.454627, -3.572650
189, 133.000000, -54.000000, -155.000000, 4.497268, 4.438424, 207.132019, 33.674066
190, 107.000000, 19.000000, -137.000000, 6.535894, 2.705423, 177.405775, 109.167648
191, 59.000000, 68.000000, -121.000000, 7.680364, 1.273085, 128.994789, 159.658514
192, -13.000000, 98.000000, -115.000000, 8.433407, -0.170161, 56.969999, 189.883349
193, -82.000000, 119.000000, -94.000000, 8.710827, -1.799407, -8.594921, 210.990021
194, -149.000000, 119.000000, -74.000000, 8.065866, -3.864545, -71.213742, 209.623926
195, -212.000000, 100.000000, -68.000000, 6.411464, -5.814318, -131.572167, 186.923049
196, -295.000000, -17.000000, -69.000000, -0.883310, -9.262690, -207.205928, 47.700119
197, -300.000000, -61.000000, -80.000000, -3.505176, -8.910680, -207.852379, -5.057689
198, -261.000000, -155.000000, -107.000000, -7.317866, -6.277377, -158.549781, -110.709623
199, -227.000000, -190.000000, -121.000000, -8.674859, -4.248407, -119.457775, -146.249657
200, -188.000000, -220.000000, -135.000000, -9.259171, -2.026688, -77.133596, -174.137037
201, -105.000000, -247.000000, -153.000000, -8.677503, 2.243393, 5.980741, -190.604388
202, -73.000000, -260.000000, -163.000000, -7.726825, 3.961864, 36.273493, -198.790564
203, -70.000000, -258.000000, -165.000000, -6.543839, 5.117722, 35.955322, -192.143930
204, -72.000000, -258.000000, -160.000000, -5.552113, 5.651428, 30.513259, -190.725648
205, -93.000000, -255.000000, -153.000000, -4.536987, 5.733545, 6.089428, -187.769565
206, -178.000000, -227.000000, -129.000000, -4.783164, 4.781110, -79.928122, -161.317608
207, -245.000000, -177.000000, -103.000000, -5.423696, 3.618526, -147.472253, -110.038663
208, -291.000000, -100.000000, -78.000000, -6.207645, 2.085715, -194.164130, -28.131253
209, -299.000000, -19.000000, -67.000000, -6.846419, -0.300425, -202.185637, 57.923299
210, -274.000000, 56.000000, -67.000000, -6.711356, -3.373264, -177.596981, 136.330596
211, -145.000000, 122.000000, -82.000000, -2.575390, -8.354360, -54.473657, 201.355473
212, -79.000000, 119.000000, -104.000000, 0.697877, -9.319054, 6.434453, 193.349103
213, -1.000000, 92.000000, -119.000000, 4.064862, -8.718696, 77.262422, 162.058919
214, 53.000000, 65.000000, -138.000000, 6.490461, -6.817752, 123.756398, 133.457797
215, 113.000000, -9.000000, -160.000000, 7.916266, -1.959490, 176.582345, 63.091036
216, 132.000000, -57.000000, -164.000000, 6.384778, 1.600889, 199.638972, 21.354857
217, 135.000000, -59.000000, -160.000000, 5.155778, 2.585355, 206.770879, 22.266500
218, 135.000000, -48.000000, -158.000000, 4.892650, 2.732455, 207.727721, 35.003873
219, 131.000000, -27.000000, -146.000000, 5.164439, 2.471869, 204.021396, 57.180623
220, 123.000000, 2.000000, -141.000000, 5.786789, 2.026999, 194.851905, 88.249341
221, -69.000000, 128.000000, -67.000000, 9.980747, -3.302139, 7.127295, 220.292040
222, -150.000000, 125.000000, -57.000000, 10.633655, -6.747653, -71.246897, 215.933231
223, -316.000000, 3.000000, -22.000000, 1.193591, -15.540692, -229.694400, 78.523348
224, -266.000000, -200.000000, -63.000000, -15.840138, -10.374545, -152.007760, -168.592457
225, -202.000000, -248.000000, -77.000000, -19.127773, -4.434895, -78.921266, -210.568047
226, -142.000000, -274.000000, -88.000000, -19.820257, 2.791339, -17.054539, -221.036119
227, -85.000000, -280.000000, -106.000000, -18.209917, 9.542694, 39.077210, -207.221727
228, 54.000000, -244.000000, -147.000000, -6.348822, 20.563986, 156.619571, -121.881372
229, 62.000000, -249.000000, -144.000000, -2.680597, 20.955320, 155.362083, -125.137423
230, 46.000000, -254.000000, -143.000000, 0.810394, 20.447819, 130.668176, -131.545466
231, 42.000000, -257.000000, -139.000000, 1.158885, 20.199316, 125.875445, -137.287257
232, 28.000000, -258.000000, -136.000000, 0.840392, 20.027538, 112.697573, -140.407245
233, -19.000000, -275.000000, -128.000000, -1.687650, 19.677240, 71.473250, -162.908255
234, -72.000000, -273.000000, -108.000000, -3.687034, 19.274895, 21.789433, -168.448329
235, -146.000000, -259.000000, -83.000000, -6.554566, 18.464287, -48.875977, -161.334408
236, -243.000000, -203.000000, -47.000000, -10.420052, 16.720247, -143.796615, -109.768607
237, -309.000000, -116.000000, -21.000000, -14.842673, 13.329313, -206.614768, -21.352892
238, -331.000000, -35.000000, -5.000000, -18.516043, 7.778642, -225.582551, 57.615033
239, -316.000000, 39.000000, -3.000000, -20.095524, 0.273685, -209.036200, 124.427610
240, -271.000000, 90.000000, -12.000000, -18.663166, -8.019970, -166.214434, 164.850963
241, -146.000000, 138.000000, -41.000000, -7.384321, -19.753933, -52.824329, 203.537654
242, -81.000000, 132.000000, -65.000000, 0.966140, -21.419449, 4.610824, 192.112924
243, 50.000000, 85.000000, -107.000000, 15.019468, -15.528891, 107.258445, 137.070050
244, 129.000000, 3.000000, -134.000000, 19.997726, -3.155548, 162.091705, 72.752585
245, 147.000000, -45.000000, -140.000000, 19.395641, 2.912695, 178.860241, 39.665994
246, 152.000000, -76.000000, -138.000000, 17.466961, 7.605892, 190.265116, 21.518053
247, 143.000000, -132.000000, -143.000000, 12.240124, 12.577700, 196.127265, -23.437910
248, 134.000000, -165.000000, -140.000000, 7.853307, 14.178849, 200.309321, -56.899228
249, 132.000000, -170.000000, -147.000000, 6.459481, 14.546350, 201.319748, -59.845734
250, 132.000000, -159.000000, -136.000000, 5.649709, 14.787146, 204.665402, -50.546389
251, 147.000000, -129.000000, -139.000000, 6.928806, 14.346679, 215.853344, -17.351118
252, 155.000000, -93.000000, -132.000000, 8.865862, 13.515976, 219.499281, 18.714855
253, 148.000000, -34.000000, -119.000000, 11.577214, 11.951155, 207.802356, 76.572795
254, 106.000000, 34.000000, -107.000000, 14.768886, 9.356974, 161.916761, 141.576531
255, -17.000000, 111.000000, -88.000000, 19.315645, 1.464826, 41.544282, 207.082252
256, -82.000000, 129.000000, -62.000000, 19.566538, -3.771608, -11.333337, 222.553749
257, -142.000000, 134.000000, -45.000000, 17.664125, -8.747700, -62.264271, 229.071566
258, -231.000000, 104.000000, -32.000000, 10.485568, -15.940526, -146.270784, 195.780255
259, -260.000000, 83.000000, -35.000000, 6.093226, -18.433987, -175.550950, 166.009198
260, -286.000000, 53.000000, -30.000000, 1.469202, -19.782818, -199.979858, 127.436008
261, -302.000000, 26.000000, -27.000000, -2.866190, -19.909285, -213.576805, 91.313598
262, -320.000000, -12.000000, -30.000000, -6.836341, -19.139736, -227.458546, 42.096983
263, -318.000000, -49.000000, -41.000000, -10.437714, -17.711573, -218.614739, -6.181097
264, -302.000000, -124.000000, -53.000000, -16.587875, -12.761320, -187.605627, -90.320985
265, -248.000000, -205.000000, -71.000000, -19.895977, -5.041161, -122.339814, -164.955717
266, -243.000000, -200.000000, -68.000000, -20.200701, -1.039385, -117.876412, -148.243998
267, -250.000000, -204.000000, -67.000000, -20.010714, 1.956075, -125.284732, -143.926537
268, -265.000000, -190.000000, -65.000000, -19.269747, 4.130425, -142.007116, -121.381026
269, -274.000000, -168.000000, -55.000000, -19.199514, 3.382873, -153.977357, -99.467767
270, -299.000000, -145.000000, -44.000000, -19.308243, 1.772830, -180.938349, -78.370546
271, -319.000000, -77.000000, -23.000000, -19.407934, -0.627769, -206.535335, -8.346769
272, -256.000000, 92.000000, -11.000000, -17.446093, -9.908656, -154.230659, 165.054010
273, -162.000000, 130.000000, -37.000000, -12.677811, -15.900503, -63.234739, 198.584837
274, -57.000000, 129.000000, -73.000000, -3.737761, -20.126284, 34.575422, 186.631339
275, 104.000000, 21.000000, -139.000000, 16.954445, -12.738174, 145.641180, 62.443388
276, 141.000000, -52.000000, -152.000000, 20.706217, -2.857821, 164.843903, 10.663858
277, 143.000000, -113.000000, -149.000000, 19.579350, 6.774759, 171.495112, -21.410481
278, 132.000000, -161.000000, -140.000000, 15.509453, 13.556805, 176.453076, -51.383231
279, 104.000000, -199.000000, -136.000000, 9.994296, 17.159698, 165.514293, -83.677161
280, 71.000000, -231.000000, -143.000000, 4.336249, 17.940298, 146.679898, -116.207656
281, 33.000000, -252.000000, -133.000000, -3.164755, 15.713858, 126.987552, -153.268401
282, 36.000000, -251.000000, -135.000000, -6.800591, 14.685929, 138.427940, -156.406068
283, 52.000000, -243.000000, -140.000000, -7.059545, 14.790134, 155.507204, -146.515987
284, 79.000000, -225.000000, -141.000000, -6.041629, 15.478906, 180.096910, -124.588215
285, 127.000000, -172.000000, -142.000000, -1.280936, 16.993086, 216.837936, -59.503411
286, 131.000000, -156.000000, -144.000000, 2.063701, 17.167631, 212.424817, -38.505355
287, 156.000000, -87.000000, -130.000000, 9.351859, 15.443975, 219.497312, 31.560895
288, 144.000000, -36.000000, -118.000000, 12.919921, 13.311048, 200.666230, 78.635252
289, 115.000000, 27.000000, -108.000000, 16.261694, 10.147987, 166.851776, 136.798238
290, 66.000000, 74.000000, -107.000000, 18.931463, 6.132352, 114.410444, 177.508042
291, 17.000000, 97.000000, -99.000000, 20.519270, 1.713553, 67.915015, 192.405351
292, -77.000000, 132.000000, -58.000000, 19.551306, -7.339430, -5.274790, 223.166180
293, -118.000000, 136.000000, -45.000000, 16.942581, -10.843680, -39.296765, 228.473958
294, -150.000000, 128.000000, -43.000000, 14.148331, -13.718900, -69.265239, 218.580390
295, -171.000000, 126.000000, -42.000000, 11.287893, -16.260275, -89.217910, 213.676146
296, -208.000000, 116.000000, -37.000000, 5.967300, -19.434286, -124.024173, 197.397725
297, -213.000000, 111.000000, -35.000000, 4.220729, -19.893494, -128.302984, 190.070196
298, -217.000000, 108.000000, -37.000000, 2.851774, -20.084827, -131.876792, 184.007997
299, -223.000000, 105.000000, -34.000000, 1.867059, -20.223650, -137.294044, 180.452601
300, -224.000000, 107.000000, -30.000000, 1.018167, -20.389872, -137.802408, 182.637673
301, -181.000000, 130.000000, -35.000000, 1.302019, -20.610710, -95.053250, 204.680271
302, -82.000000, 133.000000, -55.000000, 5.336752, -20.196266, -0.064752, 202.136071
303, -37.000000, 126.000000, -66.000000, 8.786846, -19.105949, 40.047468, 192.014244
304, 46.000000, 89.000000, -92.000000, 15.815610, -14.024670, 105.880022, 149.564689
305, 66.000000, 80.000000, -93.000000, 18.006071, -10.824279, 120.714924, 145.373841
306, 65.000000, 77.000000, -98.000000, 19.059475, -8.056844, 116.130168, 147.791593
307, 19.000000, 106.000000, -82.000000, 19.060045, -5.578698, 77.875841, 189.537637
308, -38.000000, 126.000000, -63.000000, 18.448378, -6.522196, 30.711803, 214.760084
309, -124.000000, 136.000000, -47.000000, 17.176069, -9.006103, -45.654038, 229.694400
310, -269.000000, 75.000000, -31.000000, 10.804154, -16.035088, -183.347336, 167.288516
311, -303.000000, 14.000000, -35.000000, 5.015594, -18.742420, -218.204428, 91.815315
312, -318.000000, -57.000000, -39.000000, -2.268329, -19.425753, -229.511917, 0.089254
313, -300.000000, -129.000000, -58.000000, -9.466937, -17.358156, -199.679147, -94.501890
314, -252.000000, -196.000000, -83.000000, -15.324801, -12.855973, -134.408241, -171.966637
315, -185.000000, -242.000000, -102.000000, -19.179625, -6.523106, -54.525804, -210.884719
316, -27.000000, -266.000000, -144.000000, -18.574234, 8.759274, 106.970452, -191.202622
317, 68.000000, -234.000000, -167.000000, -8.414711, 17.866022, 178.401557, -117.212724
318, 98.000000, -213.000000, -170.000000, -2.965358, 18.938536, 193.358552, -86.733257
319, 116.000000, -189.000000, -169.000000, 1.688791, 18.346704, 197.664375, -60.983240
320, 127.000000, -171.000000, -172.000000, 4.931047, 17.029808, 198.440693, -44.064593
321, 130.000000, -162.000000, -164.000000, 7.922801, 14.714388, 192.848869, -44.919353
322, 129.000000, -173.000000, -170.000000, 8.696033, 13.908734, 188.509665, -58.394398
323, 126.000000, -175.000000, -166.000000, 8.861322, 13.532254, 185.620174, -63.321019
324, 91.000000, -212.000000, -159.000000, 7.643404, 13.853725, 155.738627, -106.083844
325, -31.000000, -271.000000, -135.000000, 3.566691, 14.869672, 47.356962, -176.612561
326, -234.000000, -213.000000, -75.000000, -5.676788, 13.624762, -138.738346, -127.219001
327, -293.000000, -141.000000, -49.000000, -10.526976, 10.357904, -192.420985, -55.659195
328, -311.000000, -3.000000, -26.000000, -15.982095, -1.196891, -205.125093, 73.939774
329, -280.000000, 53.000000, -31.000000, -15.291855, -7.670277, -175.215456, 123.466785
330, -242.000000, 91.000000, -34.000000, -12.522544, -13.265938, -142.175692, 157.510279
331, -182.000000, 122.000000, -45.000000, -7.949710, -17.447823, -87.331970, 187.416636
332, -114.000000, 132.000000, -60.000000, -1.977702, -19.668652, -25.166153, 195.652632
333, -54.000000, 129.000000, -77.000000, 4.614486, -19.659424, 26.675623, 189.268172
334, -1.000000, 111.000000, -89.000000, 10.279370, -17.497833, 69.829491, 169.526876
335, 39.000000, 98.000000, -87.000000, 16.573130, -11.083354, 99.259324, 167.743933
336, 34.000000, 97.000000, -87.000000, 17.410295, -8.610569, 93.106186, 172.192447
337, 18.000000, 106.000000, -85.000000, 17.333580, -7.247222, 78.553439, 186.025298
338, -15.000000, 116.000000, -72.000000, 16.872654, -7.269592, 51.443349, 200.278363
339, -59.000000, 128.000000, -57.000000, 16.036472, -8.370755, 14.245027, 216.192181
340, -129.000000, 134.000000, -42.000000, 14.620113, -10.239198, -48.728933, 226.770922
341, -311.000000, -15.000000, -43.000000, 3.017856, -18.119114, -226.137219, 54.564767
342, -308.000000, -94.000000, -57.000000, -4.119970, -18.314819, -216.413589, -48.499870
343, -189.000000, -239.000000, -101.000000, -16.555130, -9.489118, -65.691172, -213.458870
344, -94.000000, -265.000000, -122.000000, -18.999010, -1.488885, 37.533354, -222.617325
345, -3.000000, -262.000000, -148.000000, -18.021749, 7.010872, 129.630432, -193.396041
346, 117.000000, -182.000000, -168.000000, -6.472137, 17.964939, 221.886606, -61.617156
347, 145.000000, -129.000000, -166.000000, 1.119646, 18.435715, 228.423939, 2.233151
348, 139.000000, -48.000000, -157.000000, 10.992134, 13.382289, 193.209272, 74.410599
349, 128.000000, -5.000000, -149.000000, 14.311244, 7.555874, 173.891928, 100.396926
350, 124.000000, -5.000000, -145.000000, 14.781701, 5.417117, 169.596658, 92.579175
351, 129.000000, -8.000000, -150.000000, 14.932291, 4.058096, 172.687500, 85.130474
352, 135.000000, -27.000000, -155.000000, 14.967056, 3.540848, 177.084503, 62.413811
353, -40.000000, -267.000000, -139.000000, -0.926046, 17.130463, 48.947029, -161.057806
354, -140.000000, -261.000000, -112.000000, -4.453084, 16.613413, -44.186078, -162.232870
355, -225.000000, -221.000000, -83.000000, -9.001462, 14.707825, -122.547518, -127.257609
356, -308.000000, -103.000000, -48.000000, -16.279232, 6.072656, -195.500735, -19.627942
357, -315.000000, -54.000000, -39.000000, -17.375406, -0.091734, -202.284187, 18.882640
358, -301.000000, 34.000000, -27.000000, -14.721866, -10.942863, -197.561684, 95.573274
359, -273.000000, 64.000000, -24.000000, -12.016973, -14.917871, -175.325327, 126.269571
360, -248.000000, 88.000000, -30.000000, -8.653554, -17.744640, -153.967721, 151.303319
361, -187.000000, 118.000000, -42.000000, -1.326360, -19.937576, -99.282403, 187.030546
362, -152.000000, 130.000000, -48.000000, 2.338682, -19.848736, -67.136793, 201.628145
363, -101.000000, 131.000000, -57.000000, 8.207080, -17.950089, -21.407131, 205.660553
364, -107.000000, 135.000000, -53.000000, 9.539208, -16.864428, -27.608434, 214.099407
365, -122.000000, 135.000000, -52.000000, 10.006333, -16.106375, -42.484261, 216.576503
366, -140.000000, 133.000000, -45.000000, 9.677751, -15.797900, -58.877124, 217.625277
367, -186.000000, 120.000000, -33.000000, 8.362798, -16.115133, -102.126492, 207.969689
368, -305.000000, 29.000000, -29.000000, 2.267610, -17.809135, -219.213295, 105.182422
369, -279.000000, -160.000000, -67.000000, -9.419752, -16.239712, -177.576974, -128.229160
370, -199.000000, -236.000000, -95.000000, -15.388442, -11.254954, -79.960979, -212.418753
371, -90.000000, -268.000000, -120.000000, -18.608358, -2.955715, 39.692047, -229.694400
372, 92.000000, -220.000000, -156.000000, -12.074839, 14.049067, 209.293334, -123.938799
373, 131.000000, -155.000000, -169.000000, -4.190499, 17.880791, 229.694400, -31.210829
374, 133.000000, -43.000000, -159.000000, 9.634541, 15.023315, 191.208648, 85.405043
375, 117.000000, 2.000000, -152.000000, 12.851630, 11.343196, 166.955454, 120.706578
376, 96.000000, 33.000000, -140.000000, 14.344732, 7.684628, 145.016512, 140.741676
377, 70.000000, 56.000000, -127.000000, 14.966043, 1.535856, 121.523531, 147.194925
378, 75.000000, 51.000000, -131.000000, 14.922023, -0.523922, 125.433042, 135.835534
379, 104.000000, 21.000000, -145.000000, 15.080510, -1.431958, 149.388141, 98.854659
380, 120.000000, -8.000000, -152.000000, 15.229712, -0.166503, 162.552140, 70.328210
381, 129.000000, -41.000000, -162.000000, 15.256803, 2.025883, 168.519229, 41.356737
382, 142.000000, -76.000000, -167.000000, 15.002550, 4.615789, 180.625179, 12.572707
383, 142.000000, -111.000000, -165.000000, 14.381911, 7.224060, 183.261885, -16.442836
384, 112.000000, -192.000000, -169.000000, 11.277831, 12.182380, 163.481859, -86.806231
385, 38.000000, -245.000000, -160.000000, 5.216412, 15.491032, 109.991072, -136.954600
386, -10.000000, -264.000000, -148.000000, 1.371623, 16.270874, 73.155489, -158.818447
387, -62.000000, -262.000000, -144.000000, -2.809309, 16.175686, 31.827555, -157.326448
388, -106.000000, -261.000000, -124.000000, -6.624750, 15.242970, -4.291518, -163.525392
389, -143.000000, -255.000000, -115.000000, -9.919765, 13.691190, -34.355911, -162.277935
390, -180.000000, -240.000000, -103.000000, -12.740680, 11.664181, -66.157275, -152.815179
391, -234.000000, -210.000000, -74.000000, -16.367496, 8.005374, -116.968615, -132.746292
392, -288.000000, -158.000000, -51.000000, -17.689444, 6.232698, -172.190592, -80.287767
393, -324.000000, -67.000000, -26.000000, -18.844572, 3.212170, -211.539681, 12.755700
394, -270.000000, 71.000000, -28.000000, -17.304987, -7.644621, -162.754295, 143.114548
395, -202.000000, 115.000000, -40.000000, -12.749292, -14.037039, -101.496977, 182.703845
396, -123.000000, 131.000000, -58.000000, -5.141373, -18.917053, -30.612232, 194.337231
397, -46.000000, 119.000000, -78.000000, 4.168501, -20.330833, 35.147184, 176.431243
398, 32.000000, 92.000000, -106.000000, 12.532350, -17.413351, 94.931838, 141.550470
399, 94.000000, 41.000000, -128.000000, 18.118568, -11.236030, 136.228308, 92.093969
400, 136.000000, -63.000000, -152.000000, 19.204050, 4.117578, 165.129455, 24.390217
401, 148.000000, -139.000000, -145.000000, 12.719972, 13.474932, 199.136065, -26.616878
402, 128.000000, -163.000000, -145.000000, 9.007897, 15.185543, 190.413918, -49.049244
403, 115.000000, -181.000000, -150.000000, 5.812360, 15.597681, 185.913443, -67.664024
404, 116.000000, -186.000000, -150.000000, 3.528924, 15.541936, 193.242493, -74.523273
405, 131.000000, -163.000000, -151.000000, 1.645552, 15.824869, 213.305114, -49.151576
406, 139.000000, -142.000000, -151.000000, 2.729575, 15.868262, 218.346672, -25.397422
407, 150.000000, -102.000000, -144.000000, 6.591991, 14.961824, 219.172677, 15.555926
408, 146.000000, -89.000000, -134.000000, 8.780866, 13.816032, 210.528224, 24.210897
409, 154.000000, -52.000000, -128.000000, 11.316146, 12.025185, 212.584979, 59.186039
410, 80.000000, 62.000000, -91.000000, 16.805954, 5.643402, 136.967518, 161.592709
411, -89.000000, 125.000000, -75.000000, 19.637959, -5.125762, -22.333679, 215.997871
412, -159.000000, 120.000000, -66.000000, 18.512295, -10.769536, -85.032862, 210.102279
413, -282.000000, 67.000000, -26.000000, 8.616160, -18.326385, -196.017257, 157.384371
414, -308.000000, 17.000000, -24.000000, 1.937665, -18.907383, -221.940072, 93.074574
415, -315.000000, -45.000000, -45.000000, -4.703075, -18.454115, -223.554444, 6.668767
416, -303.000000, -99.000000, -56.000000, -11.060992, -16.659645, -199.932201, -63.372000
417, -272.000000, -162.000000, -68.000000, -16.224550, -12.725327, -155.472662, -133.040652
418, -222.000000, -216.000000, -88.000000, -18.784605, -7.049309, -95.143047, -182.829666
419, -152.000000, -253.000000, -110.000000, -19.221094, -0.465120, -20.617914, -206.334563
420, -80.000000, -266.000000, -127.000000, -17.916157, 6.138737, 49.643061, -200.344281
421, 87.000000, -217.000000, -164.000000, -4.152907, 17.515097, 185.343501, -99.786255
422, 112.000000, -187.000000, -171.000000, 0.868003, 17.462507, 196.091988, -62.582130
423, 133.000000, -160.000000, -176.000000, 4.660083, 16.349236, 204.956670, -33.922303
424, 139.000000, -130.000000, -173.000000, 7.312013, 14.718647, 202.546774, -7.499757
425, 150.000000, -93.000000, -168.000000, 10.236006, 11.346482, 204.453790, 19.781744
426, 144.000000, -87.000000, -171.000000, 10.973570, 10.132267, 195.511378, 22.172155
427, 146.000000, -90.000000, -168.000000, 11.411359, 9.405140, 196.570093, 15.562698
428, 140.000000, -110.000000, -170.000000, 11.226544, 9.522946, 190.919323, -6.087344
429, 140.000000, -127.000000, -173.000000, 10.694859, 10.211181, 192.158360, -21.691107
430, 137.000000, -142.000000, -175.000000, 9.962308, 11.114645, 191.354541, -34.407838
431, 133.000000, -167.000000, -167.000000, 9.349858, 11.882533, 190.797126, -60.868847
432, 104.000000, -209.000000, -160.000000, 8.552964, 12.853931, 165.742929, -105.995306
433, 31.000000, -251.000000, -151.000000, 6.838957, 14.042779, 99.493794, -152.271825
434, -175.000000, -243.000000, -98.000000, -1.261542, 15.249068, -86.104679, -153.890336
435, -257.000000, -193.000000, -76.000000, -6.796022, 13.704011, -159.505478, -102.955070

=== CALIBRATION ALGORITHM ===
Calibration formula:
Calibrated_X = (TiltCompensated_X ¡Á Scale_X) - Center_X
Calibrated_Y = (TiltCompensated_Y ¡Á Scale_Y) - Center_Y

Tilt Compensation formula:
pitch_rad = math.radians(pitch)
roll_rad = math.radians(roll)
TiltCompensated_X = mag_x * cos(pitch_rad) + mag_z * sin(pitch_rad)
TiltCompensated_Y = mag_x * sin(roll_rad)*sin(pitch_rad) + mag_y * cos(roll_rad) - mag_z * sin(roll_rad)*cos(pitch_rad)
