=== 校准参数 ===
X轴缩放因子: 1.000000
Y轴缩放因子: 1.222892
中心点 X: -7.000000
中心点 Y: -45.246988
数据点数: 600
校准时间: 20250711_082905

=== 原始数据 ===
Mag_X, Mag_Y
27.000000, 123.000000
23.000000, 120.000000
23.000000, 122.000000
26.000000, 118.000000
28.000000, 119.000000
22.000000, 119.000000
27.000000, 118.000000
28.000000, 121.000000
24.000000, 116.000000
23.000000, 120.000000
28.000000, 117.000000
23.000000, 117.000000
28.000000, 118.000000
22.000000, 119.000000
25.000000, 120.000000
23.000000, 120.000000
26.000000, 119.000000
25.000000, 118.000000
30.000000, 118.000000
22.000000, 121.000000
28.000000, 115.000000
22.000000, 120.000000
28.000000, 123.000000
27.000000, 116.000000
28.000000, 118.000000
24.000000, 120.000000
27.000000, 119.000000
37.000000, 114.000000
72.000000, 108.000000
97.000000, 96.000000
132.000000, 68.000000
171.000000, 26.000000
196.000000, -43.000000
182.000000, -93.000000
149.000000, -132.000000
123.000000, -158.000000
97.000000, -176.000000
84.000000, -180.000000
79.000000, -179.000000
90.000000, -177.000000
111.000000, -172.000000
131.000000, -158.000000
152.000000, -129.000000
181.000000, -98.000000
192.000000, -59.000000
189.000000, -15.000000
167.000000, 35.000000
130.000000, 74.000000
76.000000, 99.000000
20.000000, 119.000000
-32.000000, 125.000000
-79.000000, 119.000000
-104.000000, 108.000000
-129.000000, 101.000000
-136.000000, 90.000000
-137.000000, 89.000000
-137.000000, 89.000000
-139.000000, 91.000000
-128.000000, 98.000000
-95.000000, 111.000000
-38.000000, 123.000000
46.000000, 113.000000
120.000000, 79.000000
168.000000, 31.000000
189.000000, -22.000000
184.000000, -64.000000
174.000000, -105.000000
158.000000, -135.000000
142.000000, -150.000000
129.000000, -156.000000
127.000000, -156.000000
132.000000, -156.000000
144.000000, -142.000000
159.000000, -128.000000
175.000000, -100.000000
192.000000, -72.000000
187.000000, -35.000000
187.000000, 6.000000
156.000000, 47.000000
123.000000, 79.000000
72.000000, 104.000000
32.000000, 120.000000
-15.000000, 120.000000
-43.000000, 124.000000
-71.000000, 115.000000
-79.000000, 120.000000
-83.000000, 115.000000
-80.000000, 117.000000
-72.000000, 116.000000
-53.000000, 124.000000
-24.000000, 123.000000
43.000000, 120.000000
128.000000, 77.000000
174.000000, 5.000000
189.000000, -62.000000
168.000000, -117.000000
128.000000, -160.000000
88.000000, -178.000000
58.000000, -188.000000
40.000000, -190.000000
27.000000, -189.000000
41.000000, -189.000000
60.000000, -186.000000
81.000000, -177.000000
108.000000, -175.000000
137.000000, -153.000000
162.000000, -130.000000
176.000000, -97.000000
187.000000, -69.000000
194.000000, -34.000000
183.000000, 4.000000
166.000000, 32.000000
149.000000, 61.000000
131.000000, 71.000000
120.000000, 82.000000
116.000000, 84.000000
122.000000, 81.000000
129.000000, 79.000000
137.000000, 70.000000
136.000000, 64.000000
141.000000, 64.000000
138.000000, 67.000000
150.000000, 57.000000
164.000000, 42.000000
173.000000, 25.000000
185.000000, -10.000000
193.000000, -36.000000
187.000000, -63.000000
185.000000, -79.000000
181.000000, -90.000000
181.000000, -89.000000
185.000000, -78.000000
191.000000, -50.000000
184.000000, -8.000000
138.000000, 65.000000
58.000000, 114.000000
-22.000000, 124.000000
-85.000000, 114.000000
-130.000000, 97.000000
-162.000000, 72.000000
-189.000000, 34.000000
-203.000000, 4.000000
-205.000000, -32.000000
-203.000000, -63.000000
-194.000000, -86.000000
-187.000000, -102.000000
-179.000000, -117.000000
-171.000000, -124.000000
-173.000000, -125.000000
-169.000000, -117.000000
-177.000000, -118.000000
-181.000000, -109.000000
-189.000000, -92.000000
-195.000000, -82.000000
-199.000000, -71.000000
-207.000000, -54.000000
-206.000000, -42.000000
-207.000000, -27.000000
-206.000000, -22.000000
-208.000000, -12.000000
-202.000000, -6.000000
-209.000000, -3.000000
-200.000000, 4.000000
-206.000000, 6.000000
-204.000000, 8.000000
-198.000000, 10.000000
-201.000000, 12.000000
-196.000000, 22.000000
-197.000000, 24.000000
-198.000000, 14.000000
-208.000000, -24.000000
-198.000000, -79.000000
-165.000000, -130.000000
-130.000000, -162.000000
-96.000000, -182.000000
-66.000000, -192.000000
-37.000000, -194.000000
-18.000000, -199.000000
-3.000000, -198.000000
-1.000000, -200.000000
-5.000000, -199.000000
-14.000000, -199.000000
-27.000000, -196.000000
-47.000000, -192.000000
-57.000000, -186.000000
-76.000000, -182.000000
-98.000000, -170.000000
-119.000000, -162.000000
-139.000000, -149.000000
-158.000000, -132.000000
-172.000000, -122.000000
-182.000000, -104.000000
-189.000000, -76.000000
-204.000000, -58.000000
-203.000000, -34.000000
-207.000000, -21.000000
-208.000000, -2.000000
-203.000000, 11.000000
-197.000000, 13.000000
-198.000000, 19.000000
-201.000000, 17.000000
-198.000000, 21.000000
-198.000000, 26.000000
-194.000000, 26.000000
-198.000000, 29.000000
-199.000000, 17.000000
-210.000000, -22.000000
-191.000000, -81.000000
-159.000000, -138.000000
-117.000000, -167.000000
-89.000000, -182.000000
-67.000000, -187.000000
-58.000000, -186.000000
-52.000000, -198.000000
-52.000000, -190.000000
-57.000000, -190.000000
-59.000000, -191.000000
-72.000000, -183.000000
-78.000000, -183.000000
-91.000000, -177.000000
-106.000000, -171.000000
-122.000000, -160.000000
-135.000000, -149.000000
-152.000000, -139.000000
-165.000000, -128.000000
-170.000000, -118.000000
-188.000000, -102.000000
-188.000000, -90.000000
-192.000000, -77.000000
-202.000000, -65.000000
-203.000000, -62.000000
-210.000000, -44.000000
-205.000000, -17.000000
-203.000000, 17.000000
-182.000000, 51.000000
-143.000000, 88.000000
-83.000000, 118.000000
-13.000000, 117.000000
60.000000, 116.000000
109.000000, 91.000000
149.000000, 58.000000
174.000000, 26.000000
189.000000, -5.000000
191.000000, -21.000000
190.000000, -37.000000
189.000000, -45.000000
193.000000, -47.000000
190.000000, -42.000000
191.000000, -27.000000
190.000000, -15.000000
178.000000, 10.000000
163.000000, 33.000000
146.000000, 58.000000
120.000000, 80.000000
92.000000, 96.000000
61.000000, 110.000000
28.000000, 117.000000
-5.000000, 123.000000
-27.000000, 123.000000
-44.000000, 123.000000
-55.000000, 119.000000
-53.000000, 121.000000
-48.000000, 123.000000
-43.000000, 121.000000
-32.000000, 127.000000
-20.000000, 124.000000
-9.000000, 124.000000
2.000000, 122.000000
10.000000, 123.000000
-3.000000, 125.000000
-19.000000, 121.000000
-33.000000, 127.000000
-62.000000, 122.000000
-112.000000, 101.000000
-170.000000, 71.000000
-204.000000, 8.000000
-205.000000, -57.000000
-177.000000, -115.000000
-124.000000, -160.000000
-78.000000, -186.000000
-35.000000, -198.000000
-4.000000, -196.000000
21.000000, -198.000000
33.000000, -199.000000
37.000000, -196.000000
31.000000, -197.000000
19.000000, -203.000000
2.000000, -199.000000
-16.000000, -196.000000
-37.000000, -193.000000
-66.000000, -185.000000
-87.000000, -177.000000
-108.000000, -170.000000
-134.000000, -159.000000
-153.000000, -143.000000
-168.000000, -125.000000
-184.000000, -105.000000
-192.000000, -87.000000
-199.000000, -68.000000
-204.000000, -56.000000
-205.000000, -47.000000
-206.000000, -33.000000
-207.000000, -11.000000
-197.000000, 26.000000
-175.000000, 66.000000
-99.000000, 113.000000
-20.000000, 122.000000
63.000000, 114.000000
128.000000, 78.000000
167.000000, 33.000000
186.000000, -9.000000
190.000000, -48.000000
188.000000, -81.000000
175.000000, -103.000000
169.000000, -111.000000
166.000000, -121.000000
168.000000, -117.000000
175.000000, -104.000000
183.000000, -94.000000
187.000000, -69.000000
187.000000, -41.000000
189.000000, -13.000000
172.000000, 20.000000
144.000000, 56.000000
114.000000, 87.000000
69.000000, 104.000000
26.000000, 117.000000
-20.000000, 121.000000
-56.000000, 118.000000
-83.000000, 120.000000
-97.000000, 112.000000
-111.000000, 103.000000
-114.000000, 102.000000
-120.000000, 103.000000
-134.000000, 96.000000
-146.000000, 90.000000
-162.000000, 79.000000
-180.000000, 56.000000
-204.000000, 7.000000
-208.000000, -52.000000
-189.000000, -95.000000
-162.000000, -125.000000
-136.000000, -155.000000
-109.000000, -168.000000
-92.000000, -185.000000
-72.000000, -188.000000
-69.000000, -189.000000
-68.000000, -189.000000
-70.000000, -189.000000
-84.000000, -180.000000
-92.000000, -173.000000
-112.000000, -175.000000
-124.000000, -161.000000
-139.000000, -152.000000
-153.000000, -136.000000
-166.000000, -124.000000
-175.000000, -116.000000
-181.000000, -105.000000
-194.000000, -90.000000
-199.000000, -80.000000
-202.000000, -69.000000
-201.000000, -57.000000
-209.000000, -44.000000
-205.000000, -36.000000
-207.000000, -31.000000
-209.000000, -12.000000
-199.000000, 19.000000
-176.000000, 60.000000
-114.000000, 105.000000
-14.000000, 121.000000
75.000000, 103.000000
144.000000, 60.000000
179.000000, 5.000000
190.000000, -52.000000
180.000000, -95.000000
163.000000, -131.000000
138.000000, -147.000000
116.000000, -162.000000
110.000000, -172.000000
111.000000, -171.000000
115.000000, -166.000000
134.000000, -151.000000
155.000000, -133.000000
173.000000, -110.000000
182.000000, -79.000000
193.000000, -41.000000
180.000000, 10.000000
155.000000, 52.000000
112.000000, 86.000000
60.000000, 111.000000
3.000000, 123.000000
-53.000000, 122.000000
-93.000000, 113.000000
-111.000000, 104.000000
-139.000000, 96.000000
-147.000000, 84.000000
-159.000000, 78.000000
-160.000000, 74.000000
-165.000000, 73.000000
-166.000000, 70.000000
-161.000000, 71.000000
-158.000000, 73.000000
-165.000000, 72.000000
-159.000000, 73.000000
-160.000000, 78.000000
-155.000000, 77.000000
-149.000000, 84.000000
-147.000000, 87.000000
-152.000000, 85.000000
-146.000000, 84.000000
-140.000000, 86.000000
-140.000000, 87.000000
-145.000000, 88.000000
-135.000000, 93.000000
-122.000000, 100.000000
-103.000000, 110.000000
-76.000000, 113.000000
-39.000000, 123.000000
-13.000000, 121.000000
13.000000, 121.000000
41.000000, 118.000000
62.000000, 110.000000
80.000000, 105.000000
91.000000, 99.000000
105.000000, 91.000000
107.000000, 87.000000
111.000000, 87.000000
106.000000, 92.000000
99.000000, 92.000000
92.000000, 98.000000
82.000000, 101.000000
68.000000, 105.000000
54.000000, 111.000000
40.000000, 118.000000
25.000000, 120.000000
3.000000, 124.000000
-8.000000, 122.000000
-28.000000, 120.000000
-36.000000, 123.000000
-38.000000, 122.000000
-44.000000, 121.000000
-41.000000, 123.000000
-46.000000, 125.000000
-39.000000, 124.000000
-38.000000, 123.000000
-31.000000, 127.000000
-28.000000, 126.000000
-28.000000, 122.000000
-23.000000, 124.000000
-14.000000, 120.000000
-15.000000, 126.000000
-16.000000, 121.000000
-11.000000, 121.000000
-4.000000, 124.000000
-8.000000, 124.000000
-1.000000, 123.000000
-4.000000, 125.000000
-1.000000, 123.000000
-2.000000, 121.000000
3.000000, 123.000000
-2.000000, 125.000000
-2.000000, 121.000000
-2.000000, 119.000000
-2.000000, 125.000000
2.000000, 123.000000
5.000000, 120.000000
2.000000, 127.000000
-3.000000, 123.000000
-1.000000, 126.000000
-3.000000, 123.000000
-1.000000, 121.000000
3.000000, 125.000000
-4.000000, 127.000000
-1.000000, 122.000000
-1.000000, 121.000000
-1.000000, 120.000000
1.000000, 125.000000
1.000000, 125.000000
-2.000000, 123.000000
-3.000000, 122.000000
-4.000000, 122.000000
-4.000000, 121.000000
-1.000000, 121.000000
2.000000, 120.000000
-1.000000, 123.000000
-2.000000, 122.000000
-1.000000, 123.000000
1.000000, 126.000000
-1.000000, 122.000000
-1.000000, 123.000000
1.000000, 123.000000
-1.000000, 123.000000
-3.000000, 120.000000
-3.000000, 125.000000
2.000000, 124.000000
1.000000, 119.000000
1.000000, 123.000000
1.000000, 121.000000
-1.000000, 121.000000
-3.000000, 123.000000
-5.000000, 126.000000
-1.000000, 117.000000
-2.000000, 123.000000
-2.000000, 123.000000
1.000000, 123.000000
-6.000000, 123.000000
-1.000000, 123.000000
2.000000, 123.000000
-1.000000, 124.000000
-1.000000, 121.000000
2.000000, 121.000000
-3.000000, 129.000000
1.000000, 122.000000
-1.000000, 124.000000
2.000000, 123.000000
-2.000000, 121.000000
-1.000000, 119.000000
-3.000000, 126.000000
-2.000000, 122.000000
-6.000000, 124.000000
-3.000000, 121.000000
1.000000, 126.000000
6.000000, 124.000000
3.000000, 126.000000
1.000000, 123.000000
-1.000000, 122.000000
-4.000000, 126.000000
-4.000000, 120.000000
1.000000, 123.000000
-2.000000, 124.000000
-1.000000, 124.000000
-4.000000, 120.000000
-5.000000, 122.000000
-6.000000, 123.000000
2.000000, 125.000000
2.000000, 124.000000
-1.000000, 121.000000
-1.000000, 123.000000
-2.000000, 126.000000
-1.000000, 121.000000
-4.000000, 123.000000
-2.000000, 123.000000
2.000000, 123.000000
-3.000000, 122.000000
-2.000000, 121.000000
1.000000, 124.000000
-4.000000, 119.000000
3.000000, 124.000000
-2.000000, 124.000000
3.000000, 123.000000
-5.000000, 123.000000
1.000000, 123.000000
-4.000000, 123.000000
-1.000000, 123.000000
-1.000000, 125.000000
2.000000, 121.000000
-1.000000, 126.000000
-2.000000, 126.000000
1.000000, 119.000000
-1.000000, 126.000000
-3.000000, 123.000000
-4.000000, 123.000000
-1.000000, 124.000000
2.000000, 123.000000
1.000000, 121.000000
-2.000000, 125.000000
4.000000, 126.000000
-1.000000, 122.000000
1.000000, 125.000000
-3.000000, 125.000000
-2.000000, 122.000000
2.000000, 122.000000
-2.000000, 121.000000
-2.000000, 125.000000
-4.000000, 121.000000
1.000000, 120.000000
1.000000, 123.000000
-2.000000, 121.000000
-4.000000, 119.000000
1.000000, 120.000000
-6.000000, 121.000000
4.000000, 123.000000
-2.000000, 120.000000
-1.000000, 123.000000
-2.000000, 121.000000
-1.000000, 124.000000
-1.000000, 125.000000
-3.000000, 127.000000
-7.000000, 123.000000
-3.000000, 124.000000
-2.000000, 126.000000
-4.000000, 126.000000
-1.000000, 119.000000
-2.000000, 122.000000
-3.000000, 126.000000
-4.000000, 119.000000
-5.000000, 125.000000
-2.000000, 121.000000
-3.000000, 125.000000
-4.000000, 125.000000

=== 处理后的数据 ===
Calibrated_X, Calibrated_Y
34.000000, 195.662651
30.000000, 191.993976
30.000000, 194.439759
33.000000, 189.548193
35.000000, 190.771084
29.000000, 190.771084
34.000000, 189.548193
35.000000, 193.216867
31.000000, 187.102410
30.000000, 191.993976
35.000000, 188.325301
30.000000, 188.325301
35.000000, 189.548193
29.000000, 190.771084
32.000000, 191.993976
30.000000, 191.993976
33.000000, 190.771084
32.000000, 189.548193
37.000000, 189.548193
29.000000, 193.216867
35.000000, 185.879518
29.000000, 191.993976
35.000000, 195.662651
34.000000, 187.102410
35.000000, 189.548193
31.000000, 191.993976
34.000000, 190.771084
44.000000, 184.656627
79.000000, 177.319277
104.000000, 162.644578
139.000000, 128.403614
178.000000, 77.042169
203.000000, -7.337349
189.000000, -68.481928
156.000000, -116.174699
130.000000, -147.969880
104.000000, -169.981928
91.000000, -174.873494
86.000000, -173.650602
97.000000, -171.204819
118.000000, -165.090361
138.000000, -147.969880
159.000000, -112.506024
188.000000, -74.596386
199.000000, -26.903614
196.000000, 26.903614
174.000000, 88.048193
137.000000, 135.740964
83.000000, 166.313253
27.000000, 190.771084
-25.000000, 198.108434
-72.000000, 190.771084
-97.000000, 177.319277
-122.000000, 168.759036
-129.000000, 155.307229
-130.000000, 154.084337
-130.000000, 154.084337
-132.000000, 156.530120
-121.000000, 165.090361
-88.000000, 180.987952
-31.000000, 195.662651
53.000000, 183.433735
127.000000, 141.855422
175.000000, 83.156627
196.000000, 18.343373
191.000000, -33.018072
181.000000, -83.156627
165.000000, -119.843373
149.000000, -138.186747
136.000000, -145.524096
134.000000, -145.524096
139.000000, -145.524096
151.000000, -128.403614
166.000000, -111.283133
182.000000, -77.042169
199.000000, -42.801205
194.000000, 2.445783
194.000000, 52.584337
163.000000, 102.722892
130.000000, 141.855422
79.000000, 172.427711
39.000000, 191.993976
-8.000000, 191.993976
-36.000000, 196.885542
-64.000000, 185.879518
-72.000000, 191.993976
-76.000000, 185.879518
-73.000000, 188.325301
-65.000000, 187.102410
-46.000000, 196.885542
-17.000000, 195.662651
50.000000, 191.993976
135.000000, 139.409639
181.000000, 51.361446
196.000000, -30.572289
175.000000, -97.831325
135.000000, -150.415663
95.000000, -172.427711
65.000000, -184.656627
47.000000, -187.102410
34.000000, -185.879518
48.000000, -185.879518
67.000000, -182.210843
88.000000, -171.204819
115.000000, -168.759036
144.000000, -141.855422
169.000000, -113.728916
183.000000, -73.373494
194.000000, -39.132530
201.000000, 3.668675
190.000000, 50.138554
173.000000, 84.379518
156.000000, 119.843373
138.000000, 132.072289
127.000000, 145.524096
123.000000, 147.969880
129.000000, 144.301205
136.000000, 141.855422
144.000000, 130.849398
143.000000, 123.512048
148.000000, 123.512048
145.000000, 127.180723
157.000000, 114.951807
171.000000, 96.608434
180.000000, 75.819277
192.000000, 33.018072
200.000000, 1.222892
194.000000, -31.795181
192.000000, -51.361446
188.000000, -64.813253
188.000000, -63.590361
192.000000, -50.138554
198.000000, -15.897590
191.000000, 35.463855
145.000000, 124.734940
65.000000, 184.656627
-15.000000, 196.885542
-78.000000, 184.656627
-123.000000, 163.867470
-155.000000, 133.295181
-182.000000, 86.825301
-196.000000, 50.138554
-198.000000, 6.114458
-196.000000, -31.795181
-187.000000, -59.921687
-180.000000, -79.487952
-172.000000, -97.831325
-164.000000, -106.391566
-166.000000, -107.614458
-162.000000, -97.831325
-170.000000, -99.054217
-174.000000, -88.048193
-182.000000, -67.259036
-188.000000, -55.030120
-192.000000, -41.578313
-200.000000, -20.789157
-199.000000, -6.114458
-200.000000, 12.228916
-199.000000, 18.343373
-201.000000, 30.572289
-195.000000, 37.909639
-202.000000, 41.578313
-193.000000, 50.138554
-199.000000, 52.584337
-197.000000, 55.030120
-191.000000, 57.475904
-194.000000, 59.921687
-189.000000, 72.150602
-190.000000, 74.596386
-191.000000, 62.367470
-201.000000, 15.897590
-191.000000, -51.361446
-158.000000, -113.728916
-123.000000, -152.861446
-89.000000, -177.319277
-59.000000, -189.548193
-30.000000, -191.993976
-11.000000, -198.108434
4.000000, -196.885542
6.000000, -199.331325
2.000000, -198.108434
-7.000000, -198.108434
-20.000000, -194.439759
-40.000000, -189.548193
-50.000000, -182.210843
-69.000000, -177.319277
-91.000000, -162.644578
-112.000000, -152.861446
-132.000000, -136.963855
-151.000000, -116.174699
-165.000000, -103.945783
-175.000000, -81.933735
-182.000000, -47.692771
-197.000000, -25.680723
-196.000000, 3.668675
-200.000000, 19.566265
-201.000000, 42.801205
-196.000000, 58.698795
-190.000000, 61.144578
-191.000000, 68.481928
-194.000000, 66.036145
-191.000000, 70.927711
-191.000000, 77.042169
-187.000000, 77.042169
-191.000000, 80.710843
-192.000000, 66.036145
-203.000000, 18.343373
-184.000000, -53.807229
-152.000000, -123.512048
-110.000000, -158.975904
-82.000000, -177.319277
-60.000000, -183.433735
-51.000000, -182.210843
-45.000000, -196.885542
-45.000000, -187.102410
-50.000000, -187.102410
-52.000000, -188.325301
-65.000000, -178.542169
-71.000000, -178.542169
-84.000000, -171.204819
-99.000000, -163.867470
-115.000000, -150.415663
-128.000000, -136.963855
-145.000000, -124.734940
-158.000000, -111.283133
-163.000000, -99.054217
-181.000000, -79.487952
-181.000000, -64.813253
-185.000000, -48.915663
-195.000000, -34.240964
-196.000000, -30.572289
-203.000000, -8.560241
-198.000000, 24.457831
-196.000000, 66.036145
-175.000000, 107.614458
-136.000000, 152.861446
-76.000000, 189.548193
-6.000000, 188.325301
67.000000, 187.102410
116.000000, 156.530120
156.000000, 116.174699
181.000000, 77.042169
196.000000, 39.132530
198.000000, 19.566265
197.000000, 0.000000
196.000000, -9.783133
200.000000, -12.228916
197.000000, -6.114458
198.000000, 12.228916
197.000000, 26.903614
185.000000, 57.475904
170.000000, 85.602410
153.000000, 116.174699
127.000000, 143.078313
99.000000, 162.644578
68.000000, 179.765060
35.000000, 188.325301
2.000000, 195.662651
-20.000000, 195.662651
-37.000000, 195.662651
-48.000000, 190.771084
-46.000000, 193.216867
-41.000000, 195.662651
-36.000000, 193.216867
-25.000000, 200.554217
-13.000000, 196.885542
-2.000000, 196.885542
9.000000, 194.439759
17.000000, 195.662651
4.000000, 198.108434
-12.000000, 193.216867
-26.000000, 200.554217
-55.000000, 194.439759
-105.000000, 168.759036
-163.000000, 132.072289
-197.000000, 55.030120
-198.000000, -24.457831
-170.000000, -95.385542
-117.000000, -150.415663
-71.000000, -182.210843
-28.000000, -196.885542
3.000000, -194.439759
28.000000, -196.885542
40.000000, -198.108434
44.000000, -194.439759
38.000000, -195.662651
26.000000, -203.000000
9.000000, -198.108434
-9.000000, -194.439759
-30.000000, -190.771084
-59.000000, -180.987952
-80.000000, -171.204819
-101.000000, -162.644578
-127.000000, -149.192771
-146.000000, -129.626506
-161.000000, -107.614458
-177.000000, -83.156627
-185.000000, -61.144578
-192.000000, -37.909639
-197.000000, -23.234940
-198.000000, -12.228916
-199.000000, 4.891566
-200.000000, 31.795181
-190.000000, 77.042169
-168.000000, 125.957831
-92.000000, 183.433735
-13.000000, 194.439759
70.000000, 184.656627
135.000000, 140.632530
174.000000, 85.602410
193.000000, 34.240964
197.000000, -13.451807
195.000000, -53.807229
182.000000, -80.710843
176.000000, -90.493976
173.000000, -102.722892
175.000000, -97.831325
182.000000, -81.933735
190.000000, -69.704819
194.000000, -39.132530
194.000000, -4.891566
196.000000, 29.349398
179.000000, 69.704819
151.000000, 113.728916
121.000000, 151.638554
76.000000, 172.427711
33.000000, 188.325301
-13.000000, 193.216867
-49.000000, 189.548193
-76.000000, 191.993976
-90.000000, 182.210843
-104.000000, 171.204819
-107.000000, 169.981928
-113.000000, 171.204819
-127.000000, 162.644578
-139.000000, 155.307229
-155.000000, 141.855422
-173.000000, 113.728916
-197.000000, 53.807229
-201.000000, -18.343373
-182.000000, -70.927711
-155.000000, -107.614458
-129.000000, -144.301205
-102.000000, -160.198795
-85.000000, -180.987952
-65.000000, -184.656627
-62.000000, -185.879518
-61.000000, -185.879518
-63.000000, -185.879518
-77.000000, -174.873494
-85.000000, -166.313253
-105.000000, -168.759036
-117.000000, -151.638554
-132.000000, -140.632530
-146.000000, -121.066265
-159.000000, -106.391566
-168.000000, -96.608434
-174.000000, -83.156627
-187.000000, -64.813253
-192.000000, -52.584337
-195.000000, -39.132530
-194.000000, -24.457831
-202.000000, -8.560241
-198.000000, 1.222892
-200.000000, 7.337349
-202.000000, 30.572289
-192.000000, 68.481928
-169.000000, 118.620482
-107.000000, 173.650602
-7.000000, 193.216867
82.000000, 171.204819
151.000000, 118.620482
186.000000, 51.361446
197.000000, -18.343373
187.000000, -70.927711
170.000000, -114.951807
145.000000, -134.518072
123.000000, -152.861446
117.000000, -165.090361
118.000000, -163.867470
122.000000, -157.753012
141.000000, -139.409639
162.000000, -117.397590
180.000000, -89.271084
189.000000, -51.361446
200.000000, -4.891566
187.000000, 57.475904
162.000000, 108.837349
119.000000, 150.415663
67.000000, 180.987952
10.000000, 195.662651
-46.000000, 194.439759
-86.000000, 183.433735
-104.000000, 172.427711
-132.000000, 162.644578
-140.000000, 147.969880
-152.000000, 140.632530
-153.000000, 135.740964
-158.000000, 134.518072
-159.000000, 130.849398
-154.000000, 132.072289
-151.000000, 134.518072
-158.000000, 133.295181
-152.000000, 134.518072
-153.000000, 140.632530
-148.000000, 139.409639
-142.000000, 147.969880
-140.000000, 151.638554
-145.000000, 149.192771
-139.000000, 147.969880
-133.000000, 150.415663
-133.000000, 151.638554
-138.000000, 152.861446
-128.000000, 158.975904
-115.000000, 167.536145
-96.000000, 179.765060
-69.000000, 183.433735
-32.000000, 195.662651
-6.000000, 193.216867
20.000000, 193.216867
48.000000, 189.548193
69.000000, 179.765060
87.000000, 173.650602
98.000000, 166.313253
112.000000, 156.530120
114.000000, 151.638554
118.000000, 151.638554
113.000000, 157.753012
106.000000, 157.753012
99.000000, 165.090361
89.000000, 168.759036
75.000000, 173.650602
61.000000, 180.987952
47.000000, 189.548193
32.000000, 191.993976
10.000000, 196.885542
-1.000000, 194.439759
-21.000000, 191.993976
-29.000000, 195.662651
-31.000000, 194.439759
-37.000000, 193.216867
-34.000000, 195.662651
-39.000000, 198.108434
-32.000000, 196.885542
-31.000000, 195.662651
-24.000000, 200.554217
-21.000000, 199.331325
-21.000000, 194.439759
-16.000000, 196.885542
-7.000000, 191.993976
-8.000000, 199.331325
-9.000000, 193.216867
-4.000000, 193.216867
3.000000, 196.885542
-1.000000, 196.885542
6.000000, 195.662651
3.000000, 198.108434
6.000000, 195.662651
5.000000, 193.216867
10.000000, 195.662651
5.000000, 198.108434
5.000000, 193.216867
5.000000, 190.771084
5.000000, 198.108434
9.000000, 195.662651
12.000000, 191.993976
9.000000, 200.554217
4.000000, 195.662651
6.000000, 199.331325
4.000000, 195.662651
6.000000, 193.216867
10.000000, 198.108434
3.000000, 200.554217
6.000000, 194.439759
6.000000, 193.216867
6.000000, 191.993976
8.000000, 198.108434
8.000000, 198.108434
5.000000, 195.662651
4.000000, 194.439759
3.000000, 194.439759
3.000000, 193.216867
6.000000, 193.216867
9.000000, 191.993976
6.000000, 195.662651
5.000000, 194.439759
6.000000, 195.662651
8.000000, 199.331325
6.000000, 194.439759
6.000000, 195.662651
8.000000, 195.662651
6.000000, 195.662651
4.000000, 191.993976
4.000000, 198.108434
9.000000, 196.885542
8.000000, 190.771084
8.000000, 195.662651
8.000000, 193.216867
6.000000, 193.216867
4.000000, 195.662651
2.000000, 199.331325
6.000000, 188.325301
5.000000, 195.662651
5.000000, 195.662651
8.000000, 195.662651
1.000000, 195.662651
6.000000, 195.662651
9.000000, 195.662651
6.000000, 196.885542
6.000000, 193.216867
9.000000, 193.216867
4.000000, 203.000000
8.000000, 194.439759
6.000000, 196.885542
9.000000, 195.662651
5.000000, 193.216867
6.000000, 190.771084
4.000000, 199.331325
5.000000, 194.439759
1.000000, 196.885542
4.000000, 193.216867
8.000000, 199.331325
13.000000, 196.885542
10.000000, 199.331325
8.000000, 195.662651
6.000000, 194.439759
3.000000, 199.331325
3.000000, 191.993976
8.000000, 195.662651
5.000000, 196.885542
6.000000, 196.885542
3.000000, 191.993976
2.000000, 194.439759
1.000000, 195.662651
9.000000, 198.108434
9.000000, 196.885542
6.000000, 193.216867
6.000000, 195.662651
5.000000, 199.331325
6.000000, 193.216867
3.000000, 195.662651
5.000000, 195.662651
9.000000, 195.662651
4.000000, 194.439759
5.000000, 193.216867
8.000000, 196.885542
3.000000, 190.771084
10.000000, 196.885542
5.000000, 196.885542
10.000000, 195.662651
2.000000, 195.662651
8.000000, 195.662651
3.000000, 195.662651
6.000000, 195.662651
6.000000, 198.108434
9.000000, 193.216867
6.000000, 199.331325
5.000000, 199.331325
8.000000, 190.771084
6.000000, 199.331325
4.000000, 195.662651
3.000000, 195.662651
6.000000, 196.885542
9.000000, 195.662651
8.000000, 193.216867
5.000000, 198.108434
11.000000, 199.331325
6.000000, 194.439759
8.000000, 198.108434
4.000000, 198.108434
5.000000, 194.439759
9.000000, 194.439759
5.000000, 193.216867
5.000000, 198.108434
3.000000, 193.216867
8.000000, 191.993976
8.000000, 195.662651
5.000000, 193.216867
3.000000, 190.771084
8.000000, 191.993976
1.000000, 193.216867
11.000000, 195.662651
5.000000, 191.993976
6.000000, 195.662651
5.000000, 193.216867
6.000000, 196.885542
6.000000, 198.108434
4.000000, 200.554217
0.000000, 195.662651
4.000000, 196.885542
5.000000, 199.331325
3.000000, 199.331325
6.000000, 190.771084
5.000000, 194.439759
4.000000, 199.331325
3.000000, 190.771084
2.000000, 198.108434
5.000000, 193.216867
4.000000, 198.108434
3.000000, 198.108434
