=== CALIBRATION PARAMETERS ===
Scale X: 1.000000
Scale Y: 1.234756
Center X: -9.500000
Center Y: -45.685976
Data Points: 502
Timestamp: 20250711_092534

=== RAW AND CALIBRATED DATA ===
Index, Raw_X, Raw_Y, Calibrated_X, Calibrated_Y
1, -193.000000, -87.000000, -183.500000, -61.737805
2, -193.000000, -83.000000, -183.500000, -56.798780
3, -196.000000, -82.000000, -186.500000, -55.564024
4, -193.000000, -83.000000, -183.500000, -56.798780
5, -194.000000, -84.000000, -184.500000, -58.033537
6, -193.000000, -83.000000, -183.500000, -56.798780
7, -193.000000, -83.000000, -183.500000, -56.798780
8, -199.000000, -85.000000, -189.500000, -59.268293
9, -193.000000, -87.000000, -183.500000, -61.737805
10, -194.000000, -81.000000, -184.500000, -54.329268
11, -190.000000, -81.000000, -180.500000, -54.329268
12, -196.000000, -82.000000, -186.500000, -55.564024
13, -192.000000, -85.000000, -182.500000, -59.268293
14, -192.000000, -88.000000, -182.500000, -62.972561
15, -189.000000, -88.000000, -179.500000, -62.972561
16, -191.000000, -84.000000, -181.500000, -58.033537
17, -194.000000, -83.000000, -184.500000, -56.798780
18, -192.000000, -81.000000, -182.500000, -54.329268
19, -194.000000, -86.000000, -184.500000, -60.503049
20, -188.000000, -86.000000, -178.500000, -60.503049
21, -190.000000, -82.000000, -180.500000, -55.564024
22, -191.000000, -88.000000, -181.500000, -62.972561
23, -191.000000, -85.000000, -181.500000, -59.268293
24, -194.000000, -86.000000, -184.500000, -60.503049
25, -192.000000, -84.000000, -182.500000, -58.033537
26, -192.000000, -83.000000, -182.500000, -56.798780
27, -197.000000, -87.000000, -187.500000, -61.737805
28, -195.000000, -86.000000, -185.500000, -60.503049
29, -194.000000, -85.000000, -184.500000, -59.268293
30, -196.000000, -78.000000, -186.500000, -50.625000
31, -202.000000, -62.000000, -192.500000, -30.868902
32, -206.000000, -38.000000, -196.500000, -1.234756
33, -207.000000, -11.000000, -197.500000, 32.103659
34, -195.000000, 30.000000, -185.500000, 82.728659
35, -160.000000, 72.000000, -150.500000, 134.588415
36, -111.000000, 103.000000, -101.500000, 172.865854
37, -45.000000, 125.000000, -35.500000, 200.030488
38, 24.000000, 119.000000, 33.500000, 192.621951
39, 85.000000, 101.000000, 94.500000, 170.396341
40, 124.000000, 79.000000, 133.500000, 143.231707
41, 157.000000, 44.000000, 166.500000, 100.015244
42, 176.000000, 22.000000, 185.500000, 72.850610
43, 178.000000, 2.000000, 187.500000, 48.155488
44, 188.000000, -20.000000, 197.500000, 20.990854
45, 192.000000, -24.000000, 201.500000, 16.051829
46, 188.000000, -28.000000, 197.500000, 11.112805
47, 189.000000, -19.000000, 198.500000, 22.225610
48, 189.000000, -13.000000, 198.500000, 29.634146
49, 185.000000, 11.000000, 194.500000, 59.268293
50, 172.000000, 27.000000, 181.500000, 79.024390
51, 129.000000, 75.000000, 138.500000, 138.292683
52, 101.000000, 91.000000, 110.500000, 158.048780
53, 64.000000, 111.000000, 73.500000, 182.743902
54, 28.000000, 114.000000, 37.500000, 186.448171
55, -4.000000, 121.000000, 5.500000, 195.091463
56, -27.000000, 124.000000, -17.500000, 198.795732
57, -40.000000, 121.000000, -30.500000, 195.091463
58, -52.000000, 117.000000, -42.500000, 190.152439
59, -54.000000, 121.000000, -44.500000, 195.091463
60, -46.000000, 124.000000, -36.500000, 198.795732
61, -36.000000, 123.000000, -26.500000, 197.560976
62, -24.000000, 123.000000, -14.500000, 197.560976
63, -11.000000, 123.000000, -1.500000, 197.560976
64, -4.000000, 124.000000, 5.500000, 198.795732
65, 11.000000, 127.000000, 20.500000, 202.500000
66, 13.000000, 121.000000, 22.500000, 195.091463
67, 41.000000, 116.000000, 50.500000, 188.917683
68, 93.000000, 96.000000, 102.500000, 164.222561
69, 153.000000, 51.000000, 162.500000, 108.658537
70, 179.000000, -2.000000, 188.500000, 43.216463
71, 187.000000, -47.000000, 196.500000, -12.347561
72, 188.000000, -74.000000, 197.500000, -45.685976
73, 170.000000, -105.000000, 179.500000, -83.963415
74, 167.000000, -120.000000, 176.500000, -102.484756
75, 158.000000, -126.000000, 167.500000, -109.893293
76, 159.000000, -129.000000, 168.500000, -113.597561
77, 168.000000, -114.000000, 177.500000, -95.076220
78, 176.000000, -104.000000, 185.500000, -82.728659
79, 184.000000, -81.000000, 193.500000, -54.329268
80, 193.000000, -53.000000, 202.500000, -19.756098
81, 186.000000, -26.000000, 195.500000, 13.582317
82, 183.000000, 9.000000, 192.500000, 56.798780
83, 160.000000, 40.000000, 169.500000, 95.076220
84, 143.000000, 64.000000, 152.500000, 124.710366
85, 118.000000, 85.000000, 127.500000, 150.640244
86, 94.000000, 95.000000, 103.500000, 162.987805
87, 67.000000, 104.000000, 76.500000, 174.100610
88, 51.000000, 112.000000, 60.500000, 183.978659
89, 32.000000, 117.000000, 41.500000, 190.152439
90, 24.000000, 112.000000, 33.500000, 183.978659
91, 16.000000, 122.000000, 25.500000, 196.326220
92, 23.000000, 123.000000, 32.500000, 197.560976
93, 26.000000, 119.000000, 35.500000, 192.621951
94, 37.000000, 119.000000, 46.500000, 192.621951
95, 45.000000, 113.000000, 54.500000, 185.213415
96, 56.000000, 107.000000, 65.500000, 177.804878
97, 94.000000, 93.000000, 103.500000, 160.518293
98, 152.000000, 52.000000, 161.500000, 109.893293
99, 185.000000, 0.000000, 194.500000, 45.685976
100, 187.000000, -49.000000, 196.500000, -14.817073
101, 179.000000, -91.000000, 188.500000, -66.676829
102, 164.000000, -119.000000, 173.500000, -101.250000
103, 147.000000, -138.000000, 156.500000, -124.710366
104, 139.000000, -148.000000, 148.500000, -137.057927
105, 137.000000, -148.000000, 146.500000, -137.057927
106, 142.000000, -148.000000, 151.500000, -137.057927
107, 152.000000, -141.000000, 161.500000, -128.414634
108, 167.000000, -123.000000, 176.500000, -106.189024
109, 177.000000, -99.000000, 186.500000, -76.554878
110, 188.000000, -66.000000, 197.500000, -35.807927
111, -175.000000, 57.000000, -165.500000, 116.067073
112, -192.000000, 34.000000, -182.500000, 87.667683
113, -197.000000, 15.000000, -187.500000, 64.207317
114, -207.000000, 5.000000, -197.500000, 51.859756
115, -205.000000, -13.000000, -195.500000, 29.634146
116, -209.000000, -19.000000, -199.500000, 22.225610
117, -212.000000, -20.000000, -202.500000, 20.990854
118, -210.000000, -18.000000, -200.500000, 23.460366
119, -210.000000, -13.000000, -200.500000, 29.634146
120, -207.000000, -11.000000, -197.500000, 32.103659
121, -202.000000, 0.000000, -192.500000, 45.685976
122, -200.000000, 1.000000, -190.500000, 46.920732
123, -198.000000, 9.000000, -188.500000, 56.798780
124, -198.000000, 16.000000, -188.500000, 65.442073
125, -199.000000, 16.000000, -189.500000, 65.442073
126, -200.000000, 12.000000, -190.500000, 60.503049
127, -201.000000, 7.000000, -191.500000, 54.329268
128, -208.000000, -25.000000, -198.500000, 14.817073
129, -196.000000, -72.000000, -186.500000, -43.216463
130, -163.000000, -122.000000, -153.500000, -104.954268
131, -128.000000, -158.000000, -118.500000, -149.405488
132, -99.000000, -177.000000, -89.500000, -172.865854
133, -69.000000, -187.000000, -59.500000, -185.213415
134, -47.000000, -191.000000, -37.500000, -190.152439
135, -33.000000, -196.000000, -23.500000, -196.326220
136, -26.000000, -197.000000, -16.500000, -197.560976
137, -22.000000, -201.000000, -12.500000, -202.500000
138, -29.000000, -198.000000, -19.500000, -198.795732
139, -33.000000, -192.000000, -23.500000, -191.387195
140, -47.000000, -194.000000, -37.500000, -193.856707
141, -54.000000, -188.000000, -44.500000, -186.448171
142, -71.000000, -185.000000, -61.500000, -182.743902
143, -89.000000, -180.000000, -79.500000, -176.570122
144, -105.000000, -176.000000, -95.500000, -171.631098
145, -117.000000, -165.000000, -107.500000, -158.048780
146, -133.000000, -158.000000, -123.500000, -149.405488
147, -140.000000, -148.000000, -130.500000, -137.057927
148, -152.000000, -138.000000, -142.500000, -124.710366
149, -158.000000, -134.000000, -148.500000, -119.771341
150, -162.000000, -124.000000, -152.500000, -107.423780
151, -165.000000, -120.000000, -155.500000, -102.484756
152, -171.000000, -125.000000, -161.500000, -108.658537
153, -170.000000, -124.000000, -160.500000, -107.423780
154, -175.000000, -116.000000, -165.500000, -97.545732
155, -184.000000, -105.000000, -174.500000, -83.963415
156, -196.000000, -83.000000, -186.500000, -56.798780
157, -202.000000, -58.000000, -192.500000, -25.929878
158, -209.000000, -22.000000, -199.500000, 18.521341
159, -199.000000, 15.000000, -189.500000, 64.207317
160, -181.000000, 49.000000, -171.500000, 106.189024
161, -158.000000, 81.000000, -148.500000, 145.701220
162, -127.000000, 97.000000, -117.500000, 165.457317
163, -101.000000, 107.000000, -91.500000, 177.804878
164, -88.000000, 116.000000, -78.500000, 188.917683
165, -85.000000, 113.000000, -75.500000, 185.213415
166, -87.000000, 108.000000, -77.500000, 179.039634
167, -97.000000, 112.000000, -87.500000, 183.978659
168, -116.000000, 101.000000, -106.500000, 170.396341
169, -138.000000, 93.000000, -128.500000, 160.518293
170, -166.000000, 70.000000, -156.500000, 132.118902
171, -189.000000, 39.000000, -179.500000, 93.841463
172, -202.000000, 4.000000, -192.500000, 50.625000
173, -205.000000, -40.000000, -195.500000, -3.704268
174, -198.000000, -79.000000, -188.500000, -51.859756
175, -178.000000, -104.000000, -168.500000, -82.728659
176, -164.000000, -131.000000, -154.500000, -116.067073
177, -147.000000, -140.000000, -137.500000, -127.179878
178, -136.000000, -151.000000, -126.500000, -140.762195
179, -127.000000, -159.000000, -117.500000, -150.640244
180, -120.000000, -162.000000, -110.500000, -154.344512
181, -121.000000, -160.000000, -111.500000, -151.875000
182, -124.000000, -163.000000, -114.500000, -155.579268
183, -135.000000, -149.000000, -125.500000, -138.292683
184, -156.000000, -139.000000, -146.500000, -125.945122
185, -170.000000, -121.000000, -160.500000, -103.719512
186, -186.000000, -94.000000, -176.500000, -70.381098
187, -197.000000, -67.000000, -187.500000, -37.042683
188, -208.000000, -37.000000, -198.500000, 0.000000
189, -200.000000, -3.000000, -190.500000, 41.981707
190, -193.000000, 30.000000, -183.500000, 82.728659
191, -170.000000, 65.000000, -160.500000, 125.945122
192, -129.000000, 98.000000, -119.500000, 166.692073
193, -84.000000, 116.000000, -74.500000, 188.917683
194, -34.000000, 125.000000, -24.500000, 200.030488
195, 14.000000, 120.000000, 23.500000, 193.856707
196, 44.000000, 110.000000, 53.500000, 181.509146
197, 71.000000, 105.000000, 80.500000, 175.335366
198, 84.000000, 95.000000, 93.500000, 162.987805
199, 88.000000, 99.000000, 97.500000, 167.926829
200, 84.000000, 100.000000, 93.500000, 169.161585
201, 77.000000, 102.000000, 86.500000, 171.631098
202, 63.000000, 109.000000, 72.500000, 180.274390
203, 66.000000, 109.000000, 75.500000, 180.274390
204, 77.000000, 103.000000, 86.500000, 172.865854
205, 93.000000, 104.000000, 102.500000, 174.100610
206, 119.000000, 79.000000, 128.500000, 143.231707
207, 142.000000, 55.000000, 151.500000, 113.597561
208, 170.000000, 29.000000, 179.500000, 81.493902
209, 182.000000, -11.000000, 191.500000, 32.103659
210, 188.000000, -37.000000, 197.500000, 0.000000
211, 188.000000, -66.000000, 197.500000, -35.807927
212, 179.000000, -87.000000, 188.500000, -61.737805
213, 171.000000, -109.000000, 180.500000, -88.902439
214, 164.000000, -122.000000, 173.500000, -104.954268
215, 156.000000, -131.000000, 165.500000, -116.067073
216, 141.000000, -143.000000, 150.500000, -130.884146
217, 127.000000, -157.000000, 136.500000, -148.170732
218, 104.000000, -168.000000, 113.500000, -161.753049
219, 79.000000, -183.000000, 88.500000, -180.274390
220, 49.000000, -188.000000, 58.500000, -186.448171
221, 26.000000, -186.000000, 35.500000, -183.978659
222, 2.000000, -192.000000, 11.500000, -191.387195
223, -25.000000, -189.000000, -15.500000, -187.682927
224, -138.000000, -148.000000, -128.500000, -137.057927
225, -117.000000, -160.000000, -107.500000, -151.875000
226, -88.000000, -174.000000, -78.500000, -169.161585
227, -52.000000, -191.000000, -42.500000, -190.152439
228, -10.000000, -190.000000, -0.500000, -188.917683
229, 31.000000, -188.000000, 40.500000, -186.448171
230, 74.000000, -178.000000, 83.500000, -174.100610
231, 111.000000, -166.000000, 120.500000, -159.283537
232, 140.000000, -139.000000, 149.500000, -125.945122
233, 168.000000, -107.000000, 177.500000, -86.432927
234, 183.000000, -71.000000, 192.500000, -41.981707
235, 188.000000, -36.000000, 197.500000, 1.234756
236, 188.000000, -5.000000, 197.500000, 39.512195
237, 171.000000, 34.000000, 180.500000, 87.667683
238, 145.000000, 69.000000, 154.500000, 130.884146
239, 99.000000, 97.000000, 108.500000, 165.457317
240, 50.000000, 114.000000, 59.500000, 186.448171
241, -5.000000, 125.000000, 4.500000, 200.030488
242, -55.000000, 118.000000, -45.500000, 191.387195
243, -93.000000, 108.000000, -83.500000, 179.039634
244, -125.000000, 94.000000, -115.500000, 161.753049
245, -152.000000, 82.000000, -142.500000, 146.935976
246, -165.000000, 66.000000, -155.500000, 127.179878
247, -183.000000, 49.000000, -173.500000, 106.189024
248, -194.000000, 28.000000, -184.500000, 80.259146
249, -191.000000, 23.000000, -181.500000, 74.085366
250, -190.000000, 41.000000, -180.500000, 96.310976
251, -180.000000, 51.000000, -170.500000, 108.658537
252, -165.000000, 70.000000, -155.500000, 132.118902
253, -151.000000, 88.000000, -141.500000, 154.344512
254, -121.000000, 105.000000, -111.500000, 175.335366
255, -75.000000, 122.000000, -65.500000, 196.326220
256, -22.000000, 124.000000, -12.500000, 198.795732
257, 34.000000, 114.000000, 43.500000, 186.448171
258, 79.000000, 98.000000, 88.500000, 166.692073
259, 127.000000, 74.000000, 136.500000, 137.057927
260, 152.000000, 39.000000, 161.500000, 93.841463
261, 176.000000, 9.000000, 185.500000, 56.798780
262, 189.000000, -23.000000, 198.500000, 17.286585
263, 191.000000, -53.000000, 200.500000, -19.756098
264, 186.000000, -84.000000, 195.500000, -58.033537
265, 172.000000, -112.000000, 181.500000, -92.606707
266, 150.000000, -132.000000, 159.500000, -117.301829
267, 136.000000, -152.000000, 145.500000, -141.996951
268, 124.000000, -162.000000, 133.500000, -154.344512
269, 101.000000, -169.000000, 110.500000, -162.987805
270, 100.000000, -172.000000, 109.500000, -166.692073
271, 116.000000, -162.000000, 125.500000, -154.344512
272, 140.000000, -146.000000, 149.500000, -134.588415
273, 167.000000, -113.000000, 176.500000, -93.841463
274, 186.000000, -71.000000, 195.500000, -41.981707
275, 189.000000, -21.000000, 198.500000, 19.756098
276, 173.000000, 23.000000, 182.500000, 74.085366
277, -200.000000, 2.000000, -190.500000, 48.155488
278, -204.000000, -18.000000, -194.500000, 23.460366
279, -205.000000, -20.000000, -195.500000, 20.990854
280, -203.000000, -16.000000, -193.500000, 25.929878
281, -205.000000, -2.000000, -195.500000, 43.216463
282, -199.000000, 19.000000, -189.500000, 69.146341
283, -186.000000, 45.000000, -176.500000, 101.250000
284, -171.000000, 68.000000, -161.500000, 129.649390
285, -144.000000, 91.000000, -134.500000, 158.048780
286, -105.000000, 115.000000, -95.500000, 187.682927
287, -55.000000, 124.000000, -45.500000, 198.795732
288, 1.000000, 122.000000, 10.500000, 196.326220
289, 51.000000, 113.000000, 60.500000, 185.213415
290, 101.000000, 89.000000, 110.500000, 155.579268
291, 137.000000, 64.000000, 146.500000, 124.710366
292, 156.000000, 40.000000, 165.500000, 95.076220
293, 175.000000, 10.000000, 184.500000, 58.033537
294, 183.000000, -23.000000, 192.500000, 17.286585
295, 192.000000, -55.000000, 201.500000, -22.225610
296, 184.000000, -82.000000, 193.500000, -55.564024
297, 167.000000, -115.000000, 176.500000, -96.310976
298, 148.000000, -146.000000, 157.500000, -134.588415
299, 119.000000, -166.000000, 128.500000, -159.283537
300, 77.000000, -183.000000, 86.500000, -180.274390
301, 33.000000, -198.000000, 42.500000, -198.795732
302, -7.000000, -189.000000, 2.500000, -187.682927
303, -23.000000, -191.000000, -13.500000, -190.152439
304, -20.000000, -192.000000, -10.500000, -191.387195
305, -20.000000, -189.000000, -10.500000, -187.682927
306, -22.000000, -189.000000, -12.500000, -187.682927
307, -1.000000, -194.000000, 8.500000, -193.856707
308, 30.000000, -192.000000, 39.500000, -191.387195
309, 76.000000, -170.000000, 85.500000, -164.222561
310, 126.000000, -151.000000, 135.500000, -140.762195
311, 162.000000, -120.000000, 171.500000, -102.484756
312, 183.000000, -74.000000, 192.500000, -45.685976
313, 190.000000, -42.000000, 199.500000, -6.173780
314, 183.000000, -6.000000, 192.500000, 38.277439
315, 175.000000, 35.000000, 184.500000, 88.902439
316, 146.000000, 68.000000, 155.500000, 129.649390
317, 108.000000, 93.000000, 117.500000, 160.518293
318, 71.000000, 111.000000, 80.500000, 182.743902
319, 17.000000, 125.000000, 26.500000, 200.030488
320, -40.000000, 124.000000, -30.500000, 198.795732
321, -98.000000, 109.000000, -88.500000, 180.274390
322, -143.000000, 79.000000, -133.500000, 143.231707
323, -176.000000, 55.000000, -166.500000, 113.597561
324, -196.000000, 18.000000, -186.500000, 67.911585
325, -207.000000, -18.000000, -197.500000, 23.460366
326, -206.000000, -48.000000, -196.500000, -13.582317
327, -200.000000, -64.000000, -190.500000, -33.338415
328, -200.000000, -69.000000, -190.500000, -39.512195
329, -199.000000, -73.000000, -189.500000, -44.451220
330, -204.000000, -62.000000, -194.500000, -30.868902
331, -202.000000, -48.000000, -192.500000, -13.582317
332, -204.000000, -26.000000, -194.500000, 13.582317
333, -206.000000, 4.000000, -196.500000, 50.625000
334, -188.000000, 41.000000, -178.500000, 96.310976
335, -166.000000, 62.000000, -156.500000, 122.240854
336, -138.000000, 90.000000, -128.500000, 156.814024
337, -100.000000, 106.000000, -90.500000, 176.570122
338, -58.000000, 120.000000, -48.500000, 193.856707
339, -5.000000, 122.000000, 4.500000, 196.326220
340, 53.000000, 117.000000, 62.500000, 190.152439
341, 101.000000, 94.000000, 110.500000, 161.753049
342, 143.000000, 63.000000, 152.500000, 123.475610
343, 167.000000, 31.000000, 176.500000, 83.963415
344, 184.000000, -12.000000, 193.500000, 30.868902
345, 190.000000, -50.000000, 199.500000, -16.051829
346, 180.000000, -92.000000, 189.500000, -67.911585
347, 157.000000, -126.000000, 166.500000, -109.893293
348, 132.000000, -151.000000, 141.500000, -140.762195
349, 95.000000, -178.000000, 104.500000, -174.100610
350, 46.000000, -189.000000, 55.500000, -187.682927
351, 13.000000, -190.000000, 22.500000, -188.917683
352, -27.000000, -187.000000, -17.500000, -185.213415
353, -70.000000, -174.000000, -60.500000, -169.161585
354, -96.000000, -170.000000, -86.500000, -164.222561
355, -111.000000, -163.000000, -101.500000, -155.579268
356, -114.000000, -160.000000, -104.500000, -151.875000
357, -109.000000, -165.000000, -99.500000, -158.048780
358, -99.000000, -168.000000, -89.500000, -161.753049
359, -71.000000, -180.000000, -61.500000, -176.570122
360, -28.000000, -191.000000, -18.500000, -190.152439
361, 28.000000, -191.000000, 37.500000, -190.152439
362, 78.000000, -177.000000, 87.500000, -172.865854
363, 128.000000, -153.000000, 137.500000, -143.231707
364, -210.000000, -19.000000, -200.500000, 22.225610
365, -198.000000, -58.000000, -188.500000, -25.929878
366, -191.000000, -81.000000, -181.500000, -54.329268
367, -181.000000, -103.000000, -171.500000, -81.493902
368, -168.000000, -118.000000, -158.500000, -100.015244
369, -165.000000, -125.000000, -155.500000, -108.658537
370, -169.000000, -123.000000, -159.500000, -106.189024
371, -171.000000, -126.000000, -161.500000, -109.893293
372, -174.000000, -115.000000, -164.500000, -96.310976
373, -174.000000, -112.000000, -164.500000, -92.606707
374, -182.000000, -100.000000, -172.500000, -77.789634
375, -187.000000, -88.000000, -177.500000, -62.972561
376, -197.000000, -75.000000, -187.500000, -46.920732
377, -203.000000, -57.000000, -193.500000, -24.695122
378, -205.000000, -24.000000, -195.500000, 16.051829
379, -202.000000, 5.000000, -192.500000, 51.859756
380, -195.000000, 14.000000, -185.500000, 62.972561
381, -201.000000, 20.000000, -191.500000, 70.381098
382, -200.000000, 10.000000, -190.500000, 58.033537
383, -207.000000, -16.000000, -197.500000, 25.929878
384, -207.000000, -38.000000, -197.500000, -1.234756
385, -199.000000, -73.000000, -189.500000, -44.451220
386, -187.000000, -98.000000, -177.500000, -75.320122
387, -169.000000, -123.000000, -159.500000, -106.189024
388, -156.000000, -133.000000, -146.500000, -118.536585
389, -155.000000, -132.000000, -145.500000, -117.301829
390, -163.000000, -130.000000, -153.500000, -114.832317
391, -170.000000, -123.000000, -160.500000, -106.189024
392, -179.000000, -110.000000, -169.500000, -90.137195
393, -191.000000, -90.000000, -181.500000, -65.442073
394, -202.000000, -59.000000, -192.500000, -27.164634
395, -205.000000, -15.000000, -195.500000, 27.164634
396, -196.000000, 26.000000, -186.500000, 77.789634
397, -172.000000, 59.000000, -162.500000, 118.536585
398, -142.000000, 90.000000, -132.500000, 156.814024
399, -90.000000, 111.000000, -80.500000, 182.743902
400, -35.000000, 122.000000, -25.500000, 196.326220
401, -1.000000, 121.000000, 8.500000, 195.091463
402, 46.000000, 115.000000, 55.500000, 187.682927
403, 87.000000, 101.000000, 96.500000, 170.396341
404, 127.000000, 79.000000, 136.500000, 143.231707
405, 152.000000, 51.000000, 161.500000, 108.658537
406, 177.000000, 11.000000, 186.500000, 59.268293
407, 186.000000, -21.000000, 195.500000, 19.756098
408, 191.000000, -48.000000, 200.500000, -13.582317
409, 187.000000, -68.000000, 196.500000, -38.277439
410, 183.000000, -79.000000, 192.500000, -51.859756
411, 185.000000, -87.000000, 194.500000, -61.737805
412, 188.000000, -71.000000, 197.500000, -41.981707
413, 192.000000, -46.000000, 201.500000, -11.112805
414, 184.000000, -10.000000, 193.500000, 33.338415
415, 166.000000, 29.000000, 175.500000, 81.493902
416, 139.000000, 68.000000, 148.500000, 129.649390
417, 93.000000, 100.000000, 102.500000, 169.161585
418, 44.000000, 117.000000, 53.500000, 190.152439
419, -6.000000, 124.000000, 3.500000, 198.795732
420, -56.000000, 119.000000, -46.500000, 192.621951
421, -105.000000, 106.000000, -95.500000, 176.570122
422, -149.000000, 84.000000, -139.500000, 149.405488
423, -187.000000, 46.000000, -177.500000, 102.484756
424, -207.000000, -7.000000, -197.500000, 37.042683
425, -199.000000, -52.000000, -189.500000, -18.521341
426, -184.000000, -96.000000, -174.500000, -72.850610
427, -167.000000, -125.000000, -157.500000, -108.658537
428, -162.000000, -139.000000, -152.500000, -125.945122
429, -160.000000, -135.000000, -150.500000, -121.006098
430, -159.000000, -135.000000, -149.500000, -121.006098
431, -158.000000, -135.000000, -148.500000, -121.006098
432, -167.000000, -127.000000, -157.500000, -111.128049
433, -177.000000, -112.000000, -167.500000, -92.606707
434, -196.000000, -79.000000, -186.500000, -51.859756
435, -204.000000, -22.000000, -194.500000, 18.521341
436, -182.000000, 43.000000, -172.500000, 98.780488
437, -144.000000, 86.000000, -134.500000, 151.875000
438, -93.000000, 111.000000, -83.500000, 182.743902
439, -38.000000, 122.000000, -28.500000, 196.326220
440, 19.000000, 125.000000, 28.500000, 200.030488
441, 61.000000, 106.000000, 70.500000, 176.570122
442, 107.000000, 94.000000, 116.500000, 161.753049
443, 138.000000, 70.000000, 147.500000, 132.118902
444, 151.000000, 49.000000, 160.500000, 106.189024
445, 170.000000, 27.000000, 179.500000, 79.024390
446, 176.000000, 19.000000, 185.500000, 69.146341
447, 187.000000, 4.000000, 196.500000, 50.625000
448, 188.000000, -4.000000, 197.500000, 40.746951
449, 180.000000, -2.000000, 189.500000, 43.216463
450, 182.000000, 4.000000, 191.500000, 50.625000
451, 180.000000, 13.000000, 189.500000, 61.737805
452, 179.000000, 6.000000, 188.500000, 53.094512
453, 190.000000, -15.000000, 199.500000, 27.164634
454, 188.000000, -38.000000, 197.500000, -1.234756
455, 189.000000, -75.000000, 198.500000, -46.920732
456, 169.000000, -107.000000, 178.500000, -86.432927
457, 154.000000, -135.000000, 163.500000, -121.006098
458, 131.000000, -158.000000, 140.500000, -149.405488
459, 109.000000, -169.000000, 118.500000, -162.987805
460, 87.000000, -176.000000, 96.500000, -171.631098
461, 71.000000, -183.000000, 80.500000, -180.274390
462, 55.000000, -187.000000, 64.500000, -185.213415
463, 35.000000, -186.000000, 44.500000, -183.978659
464, 16.000000, -193.000000, 25.500000, -192.621951
465, -6.000000, -194.000000, 3.500000, -193.856707
466, -25.000000, -194.000000, -15.500000, -193.856707
467, -35.000000, -192.000000, -25.500000, -191.387195
468, -28.000000, -190.000000, -18.500000, -188.917683
469, -16.000000, -186.000000, -6.500000, -183.978659
470, 5.000000, -194.000000, 14.500000, -193.856707
471, 38.000000, -193.000000, 47.500000, -192.621951
472, 77.000000, -179.000000, 86.500000, -175.335366
473, 125.000000, -155.000000, 134.500000, -145.701220
474, 170.000000, -115.000000, 179.500000, -96.310976
475, 191.000000, -48.000000, 200.500000, -13.582317
476, -126.000000, 101.000000, -116.500000, 170.396341
477, -134.000000, 92.000000, -124.500000, 159.283537
478, -138.000000, 92.000000, -128.500000, 159.283537
479, -141.000000, 90.000000, -131.500000, 156.814024
480, -142.000000, 86.000000, -132.500000, 151.875000
481, -140.000000, 91.000000, -130.500000, 158.048780
482, -142.000000, 89.000000, -132.500000, 155.579268
483, -139.000000, 88.000000, -129.500000, 154.344512
484, -147.000000, 84.000000, -137.500000, 149.405488
485, -162.000000, 70.000000, -152.500000, 132.118902
486, -180.000000, 48.000000, -170.500000, 104.954268
487, -198.000000, 22.000000, -188.500000, 72.850610
488, -203.000000, -8.000000, -193.500000, 35.807927
489, -207.000000, -39.000000, -197.500000, -2.469512
490, -210.000000, -48.000000, -200.500000, -13.582317
491, -208.000000, -57.000000, -198.500000, -24.695122
492, -203.000000, -49.000000, -193.500000, -14.817073
493, -205.000000, -36.000000, -195.500000, 1.234756
494, -205.000000, -15.000000, -195.500000, 27.164634
495, -196.000000, 17.000000, -186.500000, 66.676829
496, -169.000000, 66.000000, -159.500000, 127.179878
497, -117.000000, 102.000000, -107.500000, 171.631098
498, -46.000000, 124.000000, -36.500000, 198.795732
499, 25.000000, 119.000000, 34.500000, 192.621951
500, 88.000000, 100.000000, 97.500000, 169.161585
501, 138.000000, 72.000000, 147.500000, 134.588415
502, 166.000000, 39.000000, 175.500000, 93.841463


=== CALIBRATION ALGORITHM ===
Calibration formula:
Calibrated_X = (Raw_X ¡Á Scale_X) - Center_X
Calibrated_Y = (Raw_Y ¡Á Scale_Y) - Center_Y

Calculation details:
1. Collected raw magnetometer data over full 360¡ã rotation
   X_min = -212.00, X_max = 193.00, Range = 405.00
   Y_min = -201.00, Y_max = 127.00, Range = 328.00

2. Scale factors calculation:
   Scale_X = 1.0 (fixed)
   Scale_Y = X_range / Y_range = 405.0000 / 328.0000 = 1.234756

3. Center point calculation:
   Center_X = (max(Scaled_X) + min(Scaled_X)) / 2 = (193.00 + -212.00) / 2 = -9.500000
   Center_Y = (max(Scaled_Y) + min(Scaled_Y)) / 2 = (156.81 + -248.19) / 2 = -45.685976
