=== CALIBRATION PARAMETERS ===
Scale X: 1.000000
Scale Y: 1.174269
Center X: -1.822661
Center Y: -62.218168
Data Points: 600
Timestamp: 20250712_114336

=== RAW AND CALIBRATED DATA ===
Index, Raw_X, Raw_Y, Raw_Z, Pitch, Roll, Calibrated_X, Calibrated_Y
1, -199.000000, -65.000000, -163.000000, 1.739899, -1.682553, -202.034647, -19.485551
2, -197.000000, -69.000000, -161.000000, 1.751199, -1.680408, -200.005399, -24.105681
3, -197.000000, -70.000000, -158.000000, 1.761319, -1.677259, -199.940548, -25.165297
4, -198.000000, -66.000000, -161.000000, 1.761408, -1.680413, -201.032524, -20.582107
5, -200.000000, -70.000000, -160.000000, 1.768861, -1.677584, -203.020843, -25.230919
6, -200.000000, -64.000000, -160.000000, 1.778358, -1.666204, -203.046325, -18.151755
7, -195.000000, -66.000000, -158.000000, 1.780113, -1.659997, -197.991319, -20.417068
8, -204.000000, -70.000000, -157.000000, 1.779354, -1.662256, -206.953917, -25.075633
9, -197.000000, -66.000000, -159.000000, 1.783916, -1.662431, -200.031559, -20.456022
10, -199.000000, -64.000000, -160.000000, 1.780910, -1.664468, -202.053655, -18.147103
11, -199.000000, -67.000000, -161.000000, 1.774950, -1.669648, -202.068635, -21.719456
12, -202.000000, -65.000000, -159.000000, 1.767165, -1.663336, -204.984503, -19.281800
13, -197.000000, -66.000000, -162.000000, 1.750888, -1.649345, -200.035112, -20.520853
14, -196.000000, -69.000000, -160.000000, 1.724879, -1.642725, -198.904572, -23.958129
15, -202.000000, -69.000000, -160.000000, 1.710989, -1.638328, -204.864551, -23.940051
16, -200.000000, -69.000000, -160.000000, 1.703178, -1.630663, -202.844452, -23.919122
17, -201.000000, -66.000000, -157.000000, 1.698141, -1.630068, -203.741573, -20.295331
18, -202.000000, -69.000000, -161.000000, 1.699729, -1.639665, -204.863964, -23.979162
19, -200.000000, -69.000000, -164.000000, 1.709601, -1.647559, -202.981048, -24.105951
20, -202.000000, -71.000000, -161.000000, 1.712072, -1.657326, -204.897336, -26.380546
21, -198.000000, -67.000000, -159.000000, 1.706353, -1.675782, -200.824094, -21.679409
22, -197.000000, -69.000000, -157.000000, 1.699780, -1.689603, -199.747652, -24.002315
23, -197.000000, -67.000000, -159.000000, 1.691036, -1.701191, -199.783612, -21.760957
24, -196.000000, -71.000000, -159.000000, 1.677668, -1.713346, -198.748310, -26.496243
25, -199.000000, -70.000000, -156.000000, 1.675726, -1.721577, -201.654106, -25.239331
26, -199.000000, -69.000000, -158.000000, 1.682586, -1.722584, -201.730803, -24.138353
27, -199.000000, -67.000000, -161.000000, 1.688336, -1.728842, -201.834453, -21.915626
28, -199.000000, -69.000000, -161.000000, 1.697343, -1.729716, -201.858828, -24.264700
29, -203.000000, -70.000000, -163.000000, 1.705895, -1.727474, -205.939731, -25.496886
30, -195.000000, -66.000000, -156.000000, 1.697250, -2.031428, -197.712239, -21.485164
31, -200.000000, -61.000000, -157.000000, 1.641154, -2.215892, -202.591721, -16.223995
32, -208.000000, -47.000000, -149.000000, 1.645715, -2.377344, -210.370704, 0.111278
33, -210.000000, -26.000000, -145.000000, 1.704651, -2.484526, -212.397774, 24.656036
34, -205.000000, 14.000000, -141.000000, 1.868055, -2.451871, -207.664700, 71.899159
35, -183.000000, 69.000000, -137.000000, 2.051092, -2.137692, -185.963414, 137.476284
36, -116.000000, 116.000000, -137.000000, 2.232233, -1.689623, -119.425459, 193.790793
37, -34.000000, 132.000000, -148.000000, 2.078689, -1.074543, -37.523223, 213.964609
38, 42.000000, 125.000000, -167.000000, 1.489938, -0.572645, 39.466228, 207.022424
39, 102.000000, 99.000000, -177.000000, 0.581832, -0.463968, 102.020018, 176.774191
40, 135.000000, 75.000000, -192.000000, -0.256881, -0.731363, 137.682117, 147.412449
41, 152.000000, 52.000000, -200.000000, -1.017040, -1.137357, 157.348668, 118.670073
42, 158.000000, 40.000000, -201.000000, -1.578148, -1.554785, 165.298349, 102.908617
43, 160.000000, 38.000000, -204.000000, -1.986804, -1.786514, 168.799017, 99.558153
44, 150.000000, 44.000000, -201.000000, -2.273385, -1.818736, 159.677796, 106.596673
45, 146.000000, 54.000000, -195.000000, -2.447556, -1.689926, 156.016928, 119.070399
46, 133.000000, 72.000000, -194.000000, -2.514189, -1.414524, 143.204792, 141.290749
47, 108.000000, 92.000000, -185.000000, -2.463663, -1.029676, 117.675204, 166.431218
48, 75.000000, 109.000000, -172.000000, -2.304550, -0.581067, 83.678317, 188.196221
49, 40.000000, 123.000000, -166.000000, -2.021305, -0.126672, 47.652776, 206.225919
50, -6.000000, 134.000000, -155.000000, -1.626494, 0.274396, 0.224577, 220.440734
51, -48.000000, 138.000000, -150.000000, -1.143391, 0.559940, -43.174590, 225.991605
52, -96.000000, 127.000000, -139.000000, -0.610434, 0.718173, -92.691001, 213.399465
53, -138.000000, 107.000000, -141.000000, -0.074725, 0.704146, -135.993330, 189.892868
54, -177.000000, 79.000000, -135.000000, 0.398402, 0.519588, -176.111765, 156.406071
55, -197.000000, 41.000000, -140.000000, 0.780430, 0.187245, -197.065956, 110.889864
56, -211.000000, -4.000000, -149.000000, 1.039042, -0.244304, -211.844568, 56.794376
57, -207.000000, -43.000000, -149.000000, 1.144098, -0.758691, -208.111148, 9.476967
58, -196.000000, -77.000000, -161.000000, 1.142653, -1.274589, -197.348983, -32.280651
59, -183.000000, -102.000000, -170.000000, 0.996962, -1.759857, -184.107533, -63.515658
60, -169.000000, -123.000000, -171.000000, 0.780200, -2.198344, -169.490116, -89.708767
61, -167.000000, -124.000000, -177.000000, 0.522127, -2.599245, -166.783355, -92.585755
62, -167.000000, -122.000000, -174.000000, 0.334070, -2.919781, -166.189023, -91.206041
63, -168.000000, -120.000000, -175.000000, 0.123609, -3.166848, -166.554490, -89.807867
64, -171.000000, -115.000000, -173.000000, 0.072710, -3.344531, -169.396744, -84.429602
65, -176.000000, -115.000000, -169.000000, 0.174621, -3.424627, -174.691584, -84.398564
66, -194.000000, -82.000000, -164.000000, 0.503656, -3.406844, -193.611460, -45.226501
67, -212.000000, -17.000000, -150.000000, 1.060261, -3.282764, -212.916641, 32.467406
68, -172.000000, 74.000000, -141.000000, 1.952291, -3.058021, -174.880991, 140.529755
69, -78.000000, 130.000000, -143.000000, 2.667855, -2.351325, -82.748881, 208.037781
70, 27.000000, 123.000000, -165.000000, 2.756699, -1.302277, 20.855755, 202.182961
71, 116.000000, 88.000000, -186.000000, 1.930388, -0.438289, 111.491373, 163.845934
72, 160.000000, 31.000000, -202.000000, 0.577762, -0.334968, 159.777623, 97.222143
73, 183.000000, -17.000000, -213.000000, -0.826849, -0.932045, 187.877352, 38.240521
74, 186.000000, -58.000000, -219.000000, -1.725853, -1.941263, 194.333966, -14.335034
75, 178.000000, -94.000000, -223.000000, -2.127690, -2.893813, 187.979187, -60.841636
76, 168.000000, -115.000000, -220.000000, -2.219566, -3.613245, 178.217009, -88.341509
77, 164.000000, -123.000000, -224.000000, -2.179974, -4.049295, 174.224603, -99.899910
78, 162.000000, -128.000000, -225.000000, -2.145459, -4.200184, 172.132329, -106.500614
79, 166.000000, -118.000000, -224.000000, -2.167075, -4.116255, 176.174180, -94.326449
80, 173.000000, -111.000000, -221.000000, -2.279488, -3.827916, 183.475836, -84.606942
81, 180.000000, -87.000000, -222.000000, -2.471074, -3.346388, 191.226813, -54.439906
82, 182.000000, -61.000000, -216.000000, -2.658464, -2.722229, 193.645363, -20.894149
83, 185.000000, -25.000000, -212.000000, -2.731523, -1.969646, 196.715540, 24.688073
84, 169.000000, 17.000000, -202.000000, -2.651477, -1.128281, 179.986350, 77.691909
85, 146.000000, 54.000000, -195.000000, -2.357977, -0.326971, 155.721894, 124.362307
86, 104.000000, 94.000000, -181.000000, -1.839463, 0.316448, 111.579018, 173.749427
87, 45.000000, 120.000000, -164.000000, -1.170700, 0.760820, 50.163976, 205.660358
88, -17.000000, 133.000000, -152.000000, -0.474955, 0.924992, -13.916761, 221.259639
89, -80.000000, 134.000000, -143.000000, 0.171626, 0.793046, -78.605328, 221.875440
90, -130.000000, 112.000000, -140.000000, 0.680045, 0.444627, -129.829807, 194.993972
91, -176.000000, 73.000000, -138.000000, 1.000539, -0.080568, -176.560235, 147.716985
92, -202.000000, 27.000000, -138.000000, 1.108617, -0.693408, -202.809525, 92.015913
93, -215.000000, -22.000000, -149.000000, 1.026843, -1.270152, -215.813016, 32.613113
94, -198.000000, -74.000000, -166.000000, 0.758170, -1.791771, -198.356546, -30.633425
95, -170.000000, -119.000000, -173.000000, 0.353261, -2.180614, -169.240745, -85.101459
96, -135.000000, -152.000000, -183.000000, -0.120323, -2.383667, -132.792736, -125.067666
97, -97.000000, -177.000000, -194.000000, -0.582347, -2.466487, -93.200572, -155.287999
98, -59.000000, -192.000000, -204.000000, -0.962901, -2.459557, -53.740787, -173.362491
99, -24.000000, -202.000000, -216.000000, -1.197508, -2.372931, -17.657928, -185.304636
100, 5.000000, -208.000000, -226.000000, -1.294392, -2.299489, 11.926607, -192.473143
101, 26.000000, -205.000000, -229.000000, -1.262219, -2.283133, 32.860786, -188.999209
102, 48.000000, -206.000000, -232.000000, -1.113866, -2.335853, 54.323532, -190.537023
103, 58.000000, -199.000000, -237.000000, -0.918362, -2.466053, 63.613788, -183.171132
104, 70.000000, -198.000000, -234.000000, -0.683593, -2.664219, 74.609454, -182.761807
105, 71.000000, -195.000000, -234.000000, -0.421779, -2.891351, 74.543296, -180.301975
106, 74.000000, -195.000000, -234.000000, -0.143041, -3.136040, 76.406619, -181.441837
107, 73.000000, -196.000000, -237.000000, 0.132154, -3.366786, 74.275821, -183.896975
108, 68.000000, -200.000000, -237.000000, 0.407814, -3.561737, 68.134058, -189.506162
109, 62.000000, -203.000000, -239.000000, 0.687855, -3.709551, 60.948987, -193.872016
110, 48.000000, -201.000000, -231.000000, 0.971955, -3.802230, 45.897301, -191.339003
111, 43.000000, -207.000000, -234.000000, 1.261162, -3.841893, 39.661986, -198.790484
112, 21.000000, -201.000000, -226.000000, 1.546961, -3.812016, 16.713847, -190.969222
113, 2.000000, -204.000000, -221.000000, 1.832852, -3.716310, -3.246793, -193.646042
114, -21.000000, -201.000000, -214.000000, 2.082028, -3.555501, -26.938149, -188.873886
115, -45.000000, -195.000000, -209.000000, 2.282084, -3.329523, -51.463894, -180.498071
116, -66.000000, -193.000000, -204.000000, 2.421868, -3.037112, -72.738811, -176.604713
117, -100.000000, -182.000000, -196.000000, 2.483368, -2.707919, -106.575982, -161.883258
118, -118.000000, -159.000000, -187.000000, 2.461151, -2.366597, -124.098643, -133.144841
119, -144.000000, -143.000000, -184.000000, 2.384464, -2.031611, -149.707928, -113.000475
120, -163.000000, -124.000000, -178.000000, 2.232456, -1.735013, -167.987409, -89.422436
121, -179.000000, -108.000000, -167.000000, 2.006589, -1.492906, -182.914987, -69.474099
122, -190.000000, -84.000000, -161.000000, 1.760806, -1.303002, -193.034675, -40.536139
123, -204.000000, -51.000000, -155.000000, 1.518543, -1.137637, -206.213268, -1.144155
124, -207.000000, -12.000000, -145.000000, 1.218857, -1.010714, -208.214865, 45.217573
125, -201.000000, 35.000000, -140.000000, 0.897680, -0.947372, -201.346026, 100.655297
126, -179.000000, 73.000000, -136.000000, 0.541339, -0.974116, -178.454279, 145.246300
127, -156.000000, 98.000000, -136.000000, 0.189340, -1.081007, -154.625913, 174.274605
128, -128.000000, 113.000000, -138.000000, -0.146553, -1.243162, -125.823940, 191.355293
129, -110.000000, 118.000000, -141.000000, -0.388757, -1.394707, -107.218117, 196.689668
130, -102.000000, 123.000000, -140.000000, -0.582782, -1.471461, -98.748083, 202.353031
131, -104.000000, 127.000000, -143.000000, -0.721376, -1.437181, -100.368719, 207.053633
132, -116.000000, 118.000000, -136.000000, -0.806607, -1.287979, -112.251307, 197.114512
133, -151.000000, 99.000000, -134.000000, -0.952224, -0.877842, -146.929583, 176.001642
134, -210.000000, 10.000000, -140.000000, -0.506886, -0.719014, -206.930581, 71.869642
135, -183.000000, -103.000000, -173.000000, 0.206984, -0.799256, -181.801115, -61.542719
136, -84.000000, -180.000000, -203.000000, 1.176958, -1.015417, -86.329308, -153.304704
137, 31.000000, -205.000000, -231.000000, 2.213021, -1.645079, 23.879498, -186.229627
138, 128.000000, -173.000000, -242.000000, 2.913651, -2.795814, 117.356117, -154.904426
139, 174.000000, -98.000000, -243.000000, 2.512274, -4.450940, 165.003904, -75.331449
140, 177.000000, -18.000000, -225.000000, 0.618830, -5.292789, 176.382244, 16.593610
141, 134.000000, 61.000000, -205.000000, -1.838824, -4.943119, 142.331702, 113.285431
142, 54.000000, 106.000000, -183.000000, -3.803036, -3.429262, 67.841549, 173.893743
143, -28.000000, 128.000000, -163.000000, -4.725533, -1.335159, -12.653791, 207.975968
144, -107.000000, 108.000000, -144.000000, -4.623281, 0.685460, -93.222217, 191.167682
145, -165.000000, 75.000000, -141.000000, -3.763366, 2.170535, -153.566877, 156.964170
146, -197.000000, 31.000000, -142.000000, -2.486225, 3.014908, -188.832053, 107.859824
147, -212.000000, -23.000000, -148.000000, -1.086011, 3.148339, -207.334164, 45.053023
148, -200.000000, -70.000000, -156.000000, 0.167337, 2.664640, -198.632096, -11.407420
149, -184.000000, -105.000000, -165.000000, 1.090606, 1.728327, -185.284537, -55.305399
150, -169.000000, -133.000000, -172.000000, 1.664750, 0.572610, -172.102829, -91.991841
151, -152.000000, -154.000000, -184.000000, 1.926069, -0.632325, -156.275688, -120.925231
152, -146.000000, -160.000000, -177.000000, 1.991552, -1.782310, -150.240279, -131.849269
153, -143.000000, -161.000000, -179.000000, 1.957243, -2.768631, -147.207423, -136.488566
154, -148.000000, -157.000000, -179.000000, 1.939143, -3.545717, -152.149581, -134.417521
155, -154.000000, -145.000000, -177.000000, 2.006786, -4.136221, -158.281051, -122.132944
156, -172.000000, -131.000000, -170.000000, 2.210116, -4.516935, -176.605313, -106.229512
157, -190.000000, -100.000000, -165.000000, 2.536101, -4.655718, -195.292304, -69.731279
158, -200.000000, -71.000000, -157.000000, 2.944371, -4.525402, -205.977832, -34.470227
159, -212.000000, -35.000000, -152.000000, 3.362301, -4.142330, -218.727141, 9.409928
160, -208.000000, 6.000000, -144.000000, 3.684936, -3.491938, -215.002181, 59.928878
161, -190.000000, 44.000000, -142.000000, 3.736995, -2.678941, -197.028432, 106.732185
162, -174.000000, 67.000000, -142.000000, 3.472383, -1.786894, -180.458468, 136.051887
163, -131.000000, 99.000000, -145.000000, 2.857138, -1.062283, -136.242138, 175.440267
164, -41.000000, 125.000000, -160.000000, 2.736443, -0.245094, -46.769273, 208.207537
165, 79.000000, 100.000000, -188.000000, 2.457260, 0.567684, 72.689682, 181.864004
166, 158.000000, 33.000000, -212.000000, 1.834381, 1.264982, 152.955461, 106.583697
167, 183.000000, -47.000000, -232.000000, 0.813984, 1.527446, 181.508350, 14.389615
168, 161.000000, -123.000000, -244.000000, -0.261505, 1.258621, 163.934626, -75.907594
169, 112.000000, -182.000000, -239.000000, -1.265398, 0.102127, 119.073319, -151.003567
170, 30.000000, -200.000000, -225.000000, -1.818321, -1.403986, 38.946886, -179.008163
171, -55.000000, -195.000000, -206.000000, -1.780833, -2.927327, -46.749038, -178.915721
172, -130.000000, -157.000000, -184.000000, -1.158517, -4.165254, -124.430551, -137.569714
173, -179.000000, -97.000000, -164.000000, -0.118027, -4.927713, -176.839126, -67.844523
174, -209.000000, -29.000000, -152.000000, 1.086642, -5.063955, -210.022333, 12.956129
175, -189.000000, 39.000000, -140.000000, 2.194711, -4.646041, -192.400079, 95.246198
176, -151.000000, 92.000000, -139.000000, 2.907372, -3.677372, -156.033258, 160.149966
177, -91.000000, 127.000000, -142.000000, 2.950282, -2.425698, -96.365378, 204.401547
178, -24.000000, 133.000000, -153.000000, 2.331647, -1.322693, -28.382073, 214.237057
179, 37.000000, 127.000000, -162.000000, 1.270434, -0.662966, 35.221792, 209.128677
180, 77.000000, 109.000000, -173.000000, 0.061107, -0.443965, 78.638109, 188.634826
181, 106.000000, 89.000000, -178.000000, -0.976898, -0.570867, 110.842022, 164.661861
182, 119.000000, 76.000000, -185.000000, -1.703912, -0.815732, 126.270924, 148.421331
183, 120.000000, 77.000000, -188.000000, -2.211530, -0.987047, 128.987994, 148.917056
184, 117.000000, 77.000000, -185.000000, -2.544409, -1.004838, 126.920150, 148.924021
185, 108.000000, 91.000000, -185.000000, -2.729312, -0.843737, 118.509382, 165.958691
186, 92.000000, 95.000000, -177.000000, -2.796519, -0.597591, 102.348767, 171.657466
187, 72.000000, 106.000000, -175.000000, -2.755659, -0.300261, 82.152840, 185.634644
188, 58.000000, 115.000000, -167.000000, -2.589680, -0.034167, 67.308997, 197.144132
189, 55.000000, 117.000000, -165.000000, -2.312077, 0.126281, 63.434383, 200.028295
190, 48.000000, 123.000000, -163.000000, -2.004842, 0.163014, 55.495663, 207.191343
191, 49.000000, 122.000000, -166.000000, -1.694921, 0.105753, 55.711110, 205.835272
192, 49.000000, 116.000000, -166.000000, -1.391399, -0.013295, 54.839043, 198.388514
193, 44.000000, 120.000000, -165.000000, -1.065328, -0.135911, 48.882803, 202.672847
194, 39.000000, 121.000000, -161.000000, -0.761024, -0.262352, 42.957620, 203.440458
195, 29.000000, 127.000000, -163.000000, -0.461542, -0.382475, 32.134740, 210.071214
196, 12.000000, 129.000000, -162.000000, -0.181085, -0.486029, 14.334606, 212.080170
197, 2.000000, 133.000000, -156.000000, 0.090365, -0.590084, 3.576620, 216.501090
198, -25.000000, 130.000000, -154.000000, 0.296804, -0.719388, -23.974752, 212.592610
199, -42.000000, 132.000000, -144.000000, 0.457965, -0.835012, -41.326977, 214.746833
200, -57.000000, 132.000000, -146.000000, 0.567976, -0.953766, -56.621821, 214.357656
201, -73.000000, 124.000000, -144.000000, 0.671163, -1.081025, -72.859109, 204.630616
202, -79.000000, 129.000000, -141.000000, 0.732946, -1.208551, -78.974544, 210.198348
203, -82.000000, 125.000000, -142.000000, 0.796957, -1.310328, -82.144496, 205.181371
204, -79.000000, 131.000000, -142.000000, 0.884734, -1.451883, -79.360530, 211.809942
205, -80.000000, 128.000000, -144.000000, 0.954900, -1.542270, -80.566044, 207.961871
206, -81.000000, 129.000000, -139.000000, 0.983831, -1.734312, -81.552063, 208.739748
207, -80.000000, 129.000000, -135.000000, 1.037589, -2.064629, -80.608850, 207.951605
208, -76.000000, 133.000000, -133.000000, 1.064588, -2.415077, -76.635294, 211.747167
209, -75.000000, 132.000000, -134.000000, 1.153401, -2.667156, -75.859468, 209.815589
210, -80.000000, 137.000000, -139.000000, 1.243315, -2.914114, -81.174560, 214.692507
211, -75.000000, 136.000000, -133.000000, 1.512840, -3.120883, -76.662526, 213.308746
212, -76.000000, 132.000000, -134.000000, 1.715763, -3.157483, -78.155392, 208.470433
213, -82.000000, 133.000000, -134.000000, 2.109574, -3.242712, -85.054397, 209.451715
214, -86.000000, 129.000000, -133.000000, 1.597733, -2.456562, -87.852222, 206.988906
215, -115.000000, 106.000000, -142.000000, 1.335697, -2.026803, -116.456140, 180.828463
216, -144.000000, 86.000000, -143.000000, 0.893664, -1.634352, -144.390159, 158.450797
217, -152.000000, 86.000000, -142.000000, 0.526855, -1.197118, -151.476635, 159.734042
218, -149.000000, 87.000000, -147.000000, -0.016308, -0.482302, -147.135493, 162.922526
219, -149.000000, 90.000000, -142.000000, 0.294087, -0.809415, -147.904229, 165.549042
220, -156.000000, 84.000000, -143.000000, 0.838243, -1.038544, -156.252674, 157.845926
221, -156.000000, 82.000000, -143.000000, 1.327585, -1.174889, -157.448582, 155.132875
222, -161.000000, 73.000000, -144.000000, 1.725786, -1.386318, -163.441028, 143.963357
223, -167.000000, 71.000000, -146.000000, 2.043456, -1.615631, -170.277130, 140.924639
224, -166.000000, 70.000000, -144.000000, 2.190096, -1.793109, -169.559054, 139.322658
225, -172.000000, 70.000000, -147.000000, 2.230891, -1.841378, -175.769180, 139.084763
226, -165.000000, 72.000000, -143.000000, 2.289442, -1.910991, -168.758149, 141.381486
227, -162.000000, 78.000000, -144.000000, 2.345569, -1.963448, -165.935021, 148.235489
228, -161.000000, 84.000000, -145.000000, 2.442721, -2.003834, -165.211032, 155.129943
229, -152.000000, 84.000000, -141.000000, 2.507791, -2.033239, -156.201254, 155.203032
230, -150.000000, 89.000000, -141.000000, 2.533335, -2.144857, -154.263030, 160.755648
231, -150.000000, 96.000000, -141.000000, 2.437092, -2.355165, -154.037332, 168.362761
232, -151.000000, 101.000000, -133.000000, 2.238200, -2.697385, -154.256327, 173.669598
233, -146.000000, 105.000000, -134.000000, 1.945790, -3.040805, -148.642980, 177.309376
234, -144.000000, 105.000000, -129.000000, 1.620900, -3.457388, -145.768648, 176.448914
235, -146.000000, 107.000000, -128.000000, 1.453967, -4.066182, -147.378177, 177.202569
236, -143.000000, 110.000000, -129.000000, 1.624153, -4.952272, -144.776140, 178.245003
237, -148.000000, 114.000000, -120.000000, 1.511596, -6.663952, -149.291348, 179.365863
238, -157.000000, 119.000000, -101.000000, 1.362065, -8.984018, -157.533777, 182.410832
239, -163.000000, 122.000000, -92.000000, 1.101733, -11.437904, -162.916153, 181.944153
240, -156.000000, 126.000000, -85.000000, 0.416908, -14.099150, -154.791700, 181.729827
241, -167.000000, 125.000000, -67.000000, -1.588206, -16.839006, -163.256221, 178.351249
242, -182.000000, 126.000000, -41.000000, -4.460587, -18.682001, -176.437368, 181.681337
243, -190.000000, 122.000000, -21.000000, -7.646749, -20.280499, -183.693359, 177.835964
244, -203.000000, 122.000000, -13.000000, -10.095129, -22.150473, -195.755831, 173.485304
245, -188.000000, 129.000000, -20.000000, -11.298449, -23.832821, -178.615500, 173.999389
246, -175.000000, 128.000000, -35.000000, -10.858678, -25.412849, -163.450383, 164.046115
247, -171.000000, 140.000000, -35.000000, -8.969522, -26.897644, -161.629435, 176.301746
248, -164.000000, 144.000000, -36.000000, -6.109419, -27.914595, -157.414504, 182.364705
249, -146.000000, 147.000000, -39.000000, -3.444026, -28.052549, -141.570795, 188.214219
250, -129.000000, 160.000000, -47.000000, -1.017379, -27.807165, -126.322486, 201.408076
251, -89.000000, 167.000000, -53.000000, 2.357442, -26.973358, -89.282091, 210.733445
252, 7.000000, 165.000000, -76.000000, 8.156885, -25.191673, -2.031347, 199.445585
253, 134.000000, 111.000000, -126.000000, 14.789242, -19.152534, 99.220128, 125.234882
254, 202.000000, 7.000000, -169.000000, 17.707655, -8.890767, 142.848976, 29.971044
255, 197.000000, -90.000000, -196.000000, 15.990629, 2.307622, 137.205987, -31.905795
256, 169.000000, -142.000000, -192.000000, 11.978215, 11.191956, 127.295318, -50.554647
257, 158.000000, -175.000000, -166.000000, 7.767251, 17.167862, 135.938273, -69.711814
258, 142.000000, -203.000000, -147.000000, 2.929987, 19.334433, 136.123032, -102.816871
259, 105.000000, -221.000000, -147.000000, -0.579657, 18.604830, 108.304450, -129.062576
260, 71.000000, -226.000000, -150.000000, -2.584829, 17.227617, 79.515193, -140.259841
261, 55.000000, -235.000000, -146.000000, -4.465014, 16.416800, 68.021889, -155.599116
262, 55.000000, -234.000000, -144.000000, -7.204830, 16.227850, 74.448417, -156.994972
263, 57.000000, -236.000000, -146.000000, -9.037564, 16.193417, 81.049006, -159.628039
264, 67.000000, -231.000000, -149.000000, -8.962107, 16.757023, 91.216098, -151.223811
265, 89.000000, -229.000000, -150.000000, -7.696317, 17.891832, 110.109304, -144.358039
266, 120.000000, -214.000000, -153.000000, -5.792037, 19.092190, 136.650488, -121.438230
267, 147.000000, -196.000000, -158.000000, -3.031421, 20.065529, 156.972569, -93.533449
268, 171.000000, -169.000000, -163.000000, 0.655166, 20.610424, 170.947649, -55.350564
269, 195.000000, -137.000000, -168.000000, 4.757864, 20.520790, 182.215957, -12.873803
270, 208.000000, -101.000000, -173.000000, 8.965055, 19.381319, 180.322700, 29.560899
271, 216.000000, -58.000000, -167.000000, 12.977810, 16.864969, 174.801593, 69.004870
272, 217.000000, -8.000000, -160.000000, 16.353966, 13.187359, 164.991654, 110.568937
273, 198.000000, 35.000000, -149.000000, 18.880474, 8.899921, 140.953756, 140.075110
274, 173.000000, 62.000000, -148.000000, 20.527319, 4.251311, 111.941258, 152.168664
275, 151.000000, 94.000000, -139.000000, 21.054352, -0.265373, 92.805685, 171.597746
276, 128.000000, 112.000000, -134.000000, 20.482090, -4.133358, 74.842155, 178.978698
277, 104.000000, 128.000000, -125.000000, 19.253153, -7.032271, 58.788207, 189.498403
278, 80.000000, 138.000000, -121.000000, 17.911806, -9.223851, 40.731269, 195.869365
279, 68.000000, 145.000000, -118.000000, 16.750553, -10.874358, 32.929074, 200.056457
280, 71.000000, 143.000000, -117.000000, 15.988832, -12.063181, 37.848406, 194.028827
281, 77.000000, 136.000000, -114.000000, 15.829838, -12.554947, 44.805449, 184.742744
282, 92.000000, 133.000000, -116.000000, 16.411411, -12.296657, 57.300600, 180.484143
283, 123.000000, 113.000000, -124.000000, 17.601362, -11.271067, 81.567553, 156.687774
284, 159.000000, 81.000000, -132.000000, 19.507795, -8.825984, 107.616002, 124.223723
285, 207.000000, 6.000000, -145.000000, 20.855780, -3.384873, 143.637473, 54.747546
286, 208.000000, -96.000000, -171.000000, 18.914116, 4.193437, 143.162075, -30.529966
287, 149.000000, -178.000000, -172.000000, 13.824155, 11.099527, 105.408501, -97.086929
288, 86.000000, -222.000000, -154.000000, 7.148211, 16.307323, 67.991024, -134.070887
289, 33.000000, -246.000000, -127.000000, -0.470990, 19.391998, 35.865515, -160.855365
290, -24.000000, -250.000000, -112.000000, -7.523640, 19.176702, -7.305974, -171.017490
291, -71.000000, -237.000000, -106.000000, -11.822868, 17.173342, -45.953131, -162.659573
292, -97.000000, -227.000000, -100.000000, -14.239554, 15.106014, -67.599431, -158.166590
293, -105.000000, -224.000000, -102.000000, -16.430408, 13.178320, -70.038803, -159.748671
294, -108.000000, -227.000000, -101.000000, -18.234291, 11.673318, -69.150870, -168.006973
295, -98.000000, -229.000000, -98.000000, -18.995438, 11.528869, -58.942399, -172.030513
296, -73.000000, -238.000000, -104.000000, -18.849346, 12.717778, -33.662037, -178.860684
297, -43.000000, -243.000000, -112.000000, -17.929659, 14.749748, -4.609945, -177.910609
298, 9.000000, -251.000000, -119.000000, -15.846357, 17.396906, 42.974619, -179.711320
299, 52.000000, -240.000000, -134.000000, -12.339347, 20.127455, 81.257386, -153.990051
300, 105.000000, -224.000000, -143.000000, -7.334228, 22.237795, 124.218559, -124.180792
301, 152.000000, -194.000000, -149.000000, -1.318556, 23.022562, 157.211068, -80.641667
302, 189.000000, -154.000000, -158.000000, 10.401094, 19.874647, 159.192025, -32.188201
303, 217.000000, -61.000000, -163.000000, 14.657575, 16.307198, 170.514689, 63.569616
304, 211.000000, -13.000000, -160.000000, 17.508938, 12.050986, 154.910305, 100.261568
305, 195.000000, 33.000000, -154.000000, 19.087021, 7.545062, 135.743557, 132.905090
306, 168.000000, 71.000000, -144.000000, 19.655306, 3.023694, 111.597892, 157.375298
307, 138.000000, 97.000000, -136.000000, 19.306267, -1.151075, 87.098205, 171.995265
308, 102.000000, 121.000000, -128.000000, 18.358784, -4.622607, 58.315453, 189.305225
309, 79.000000, 129.000000, -127.000000, 17.123205, -7.394242, 39.928615, 190.582143
310, 53.000000, 145.000000, -117.000000, 15.917763, -9.430234, 20.702334, 205.741873
311, 60.000000, 140.000000, -118.000000, 15.144797, -10.490788, 28.910184, 196.163188
312, 80.000000, 133.000000, -127.000000, 15.091783, -10.504037, 45.996971, 185.069925
313, 113.000000, 117.000000, -132.000000, 15.815389, -9.572236, 74.569921, 166.881111
314, 155.000000, 84.000000, -144.000000, 17.225164, -7.146767, 107.228291, 133.291064
315, 201.000000, 16.000000, -154.000000, 18.727976, -2.934297, 142.734819, 68.335390
316, 212.000000, -80.000000, -169.000000, 17.850821, 3.494799, 151.811316, -15.382075
317, 154.000000, -174.000000, -171.000000, 13.506436, 9.463704, 111.625755, -100.276391
318, 69.000000, -229.000000, -153.000000, 7.208908, 13.862356, 51.077645, -153.716003
319, -22.000000, -245.000000, -128.000000, -0.585789, 15.456546, -18.867547, -174.946584
320, -103.000000, -225.000000, -103.000000, -8.146647, 14.474506, -85.542085, -159.395906
321, -168.000000, -196.000000, -79.000000, -13.464664, 11.090307, -143.164838, -137.450734
322, -201.000000, -161.000000, -71.000000, -16.464432, 7.158926, -170.812682, -107.064675
323, -225.000000, -133.000000, -65.000000, -18.662294, 3.116697, -190.547757, -85.200259
324, -230.000000, -115.000000, -61.000000, -19.855906, -0.324881, -193.784788, -73.722806
325, -233.000000, -110.000000, -62.000000, -20.476612, -2.387089, -194.766099, -73.666654
326, -227.000000, -125.000000, -64.000000, -21.071955, -2.996508, -186.987199, -93.040716
327, -215.000000, -140.000000, -68.000000, -21.755377, -2.146033, -172.660083, -108.345483
328, -191.000000, -168.000000, -75.000000, -22.291965, 0.132090, -146.453077, -134.674557
329, -149.000000, -202.000000, -89.000000, -22.291323, 3.751822, -102.283021, -163.805605
330, -98.000000, -228.000000, -103.000000, -21.207115, 8.284503, -52.281415, -180.475935
331, -33.000000, -243.000000, -116.000000, -18.528770, 13.121963, 7.395814, -183.561697
332, 43.000000, -241.000000, -132.000000, -13.919345, 17.570660, 75.313342, -165.825663
333, 109.000000, -222.000000, -146.000000, -7.494233, 20.636639, 128.933836, -127.718678
334, 165.000000, -185.000000, -156.000000, 7.054934, 19.812630, 146.413357, -72.476519
335, 220.000000, -81.000000, -164.000000, 12.482909, 16.344688, 181.173642, 39.574321
336, 215.000000, -24.000000, -164.000000, 16.039019, 11.837312, 163.141644, 86.910955
337, 198.000000, 27.000000, -158.000000, 17.859074, 7.000725, 141.826836, 123.901385
338, 168.000000, 71.000000, -147.000000, 18.264675, 2.333912, 115.287798, 154.715349
339, 133.000000, 102.000000, -141.000000, 17.703781, -1.927444, 85.646443, 175.023399
340, 92.000000, 126.000000, -124.000000, 16.526064, -5.520178, 54.750197, 193.105354
341, 64.000000, 139.000000, -121.000000, 15.159952, -8.218225, 31.952164, 201.352485
342, 46.000000, 146.000000, -111.000000, 13.670582, -10.488510, 20.285848, 205.417584
343, 14.000000, 160.000000, -97.000000, 11.761980, -12.789416, -4.244405, 220.012754
344, -42.000000, 165.000000, -86.000000, 9.307323, -15.032045, -53.533187, 225.564128
345, -139.000000, 140.000000, -76.000000, 5.514244, -17.033154, -143.837179, 197.978107
346, -228.000000, 62.000000, -73.000000, -0.034098, -18.151339, -226.133855, 104.645555
347, -246.000000, -43.000000, -85.000000, -6.931448, -16.650253, -232.121442, -24.537326
348, -200.000000, -152.000000, -102.000000, -12.849590, -11.344853, -170.484760, -146.029011
349, -92.000000, -220.000000, -130.000000, -16.066174, -3.343015, -50.606908, -205.979091
350, 27.000000, -245.000000, -162.000000, -14.767347, 5.903605, 69.223763, -205.863207
351, 130.000000, -208.000000, -179.000000, -9.417308, 13.235959, 159.359314, -133.782674
352, 196.000000, -141.000000, -183.000000, -0.973824, 16.368250, 200.904549, -37.195840
353, 219.000000, -64.000000, -183.000000, 7.187831, 14.888853, 196.204184, 52.637139
354, 207.000000, 5.000000, -171.000000, 12.629653, 10.671965, 166.425176, 114.115726
355, 176.000000, 55.000000, -163.000000, 15.081755, 5.501092, 129.348315, 149.377731
356, 133.000000, 94.000000, -148.000000, 15.696893, 0.788995, 89.821475, 175.474746
357, 97.000000, 116.000000, -144.000000, 15.325304, -3.159707, 57.314360, 187.578012
358, 67.000000, 126.000000, -133.000000, 14.487941, -6.074302, 33.418643, 191.261689
359, 49.000000, 138.000000, -129.000000, 13.632857, -8.179523, 19.036904, 199.744557
360, 40.000000, 135.000000, -126.000000, 13.024080, -9.589615, 12.398250, 192.751656
361, 39.000000, 141.000000, -126.000000, 12.870206, -10.443925, 11.777226, 197.050954
362, 47.000000, 137.000000, -131.000000, 13.241164, -10.738742, 17.567560, 190.019038
363, 59.000000, 129.000000, -134.000000, 14.129583, -10.442352, 26.326171, 180.468040
364, 90.000000, 118.000000, -144.000000, 15.466925, -9.498233, 50.161055, 167.338470
365, 115.000000, 108.000000, -148.000000, 16.873240, -8.245914, 68.914043, 158.253991
366, 140.000000, 90.000000, -146.000000, 18.321857, -6.645366, 88.829674, 142.377591
367, 173.000000, 64.000000, -155.000000, 19.733894, -3.942409, 112.326457, 120.698452
368, 215.000000, -10.000000, -174.000000, 20.199123, 0.622427, 143.520410, 53.506233
369, 201.000000, -113.000000, -190.000000, 18.105444, 6.286559, 133.824707, -38.423211
370, 141.000000, -189.000000, -192.000000, 13.734056, 12.236124, 93.207421, -99.927692
371, 51.000000, -242.000000, -164.000000, 6.673118, 16.977604, 33.419571, -151.686331
372, -51.000000, -243.000000, -128.000000, -2.414137, 18.407003, -43.740437, -160.314221
373, -143.000000, -210.000000, -97.000000, -10.576431, 15.857784, -120.943844, -135.976119
374, -207.000000, -151.000000, -78.000000, -15.759289, 10.520410, -176.211936, -83.966927
375, -244.000000, -88.000000, -76.000000, -18.612232, 3.791713, -205.159927, -29.250960
376, -258.000000, -33.000000, -66.000000, -19.574284, -3.283850, -219.155087, 13.533740
377, -256.000000, 9.000000, -57.000000, -19.022957, -9.662459, -221.617703, 45.569908
378, -241.000000, 48.000000, -56.000000, -16.939865, -14.849832, -212.404012, 79.446065
379, -221.000000, 82.000000, -55.000000, -13.996609, -18.679579, -199.313313, 113.262577
380, -196.000000, 112.000000, -66.000000, -10.816554, -21.117481, -178.309124, 141.916280
381, -174.000000, 125.000000, -64.000000, -7.567782, -22.704330, -162.233020, 158.486477
382, -151.000000, 140.000000, -64.000000, -4.081145, -23.560030, -144.239613, 177.904600
383, -138.000000, 149.000000, -71.000000, -0.999208, -23.627878, -134.918215, 187.973462
384, -125.000000, 148.000000, -73.000000, 1.433403, -23.186411, -124.964318, 189.678210
385, -110.000000, 158.000000, -76.000000, 3.401395, -22.540373, -112.492693, 202.367237
386, -100.000000, 159.000000, -81.000000, 4.921266, -21.813459, -104.757416, 204.088203
387, -94.000000, 159.000000, -73.000000, 5.848198, -21.118654, -99.126303, 209.714459
388, -84.000000, 165.000000, -76.000000, 6.745301, -20.402327, -90.522552, 216.960690
389, -48.000000, 163.000000, -83.000000, 8.222098, -19.417711, -57.553839, 213.347493
390, 2.000000, 162.000000, -92.000000, 10.171382, -17.926058, -12.455340, 210.358504
391, 51.000000, 151.000000, -107.000000, 12.391077, -15.906130, 28.674247, 195.588975
392, 89.000000, 130.000000, -109.000000, 14.642335, -13.313295, 60.378687, 176.170162
393, 116.000000, 122.000000, -119.000000, 16.310677, -10.524027, 79.733384, 171.586242
394, 120.000000, 115.000000, -122.000000, 17.059771, -8.203500, 80.751531, 170.436303
395, 117.000000, 119.000000, -121.000000, 17.184971, -7.015088, 77.848947, 179.374101
396, 94.000000, 129.000000, -109.000000, 16.790815, -7.326218, 60.327310, 192.770194
397, 38.000000, 153.000000, -94.000000, 15.701855, -9.416198, 12.965242, 220.099847
398, -81.000000, 162.000000, -74.000000, 13.327735, -12.664305, -94.054337, 234.090941
399, -218.000000, 83.000000, -67.000000, 9.072176, -16.559908, -224.014730, 145.000892
400, -247.000000, -49.000000, -81.000000, 1.740099, -18.698328, -247.523065, -19.939233
401, -173.000000, -178.000000, -102.000000, -7.173694, -17.029850, -157.085593, -179.870509
402, -22.000000, -241.000000, -142.000000, -14.634771, -10.954512, 16.413663, -247.523065
403, 117.000000, -222.000000, -169.000000, -18.533285, -1.333536, 166.472525, -201.761656
404, 202.000000, -132.000000, -178.000000, -17.251028, 10.243160, 247.523065, -67.326880
405, 215.000000, -30.000000, -170.000000, -8.772408, 19.291536, 240.234264, 81.427301
406, 176.000000, 50.000000, -165.000000, 4.192426, 21.931681, 165.289162, 194.499542
407, 113.000000, 107.000000, -148.000000, 15.336400, 17.546944, 71.654788, 243.129604
408, 41.000000, 137.000000, -131.000000, 21.632113, 9.546024, -8.357544, 247.523065
409, -24.000000, 148.000000, -112.000000, 23.716440, 0.782424, -65.198048, 237.483306
410, -80.000000, 142.000000, -108.000000, 22.909697, -7.195115, -113.909126, 217.600420
411, -110.000000, 134.000000, -93.000000, 20.167706, -13.662658, -133.496497, 201.423121
412, -138.000000, 125.000000, -86.000000, 16.657454, -18.340696, -155.038085, 185.718432
413, -153.000000, 119.000000, -81.000000, 13.101053, -21.572947, -165.555231, 173.078834
414, -164.000000, 111.000000, -80.000000, 9.843226, -23.672335, -173.439359, 157.650085
415, -168.000000, 111.000000, -80.000000, 7.060133, -24.841234, -174.736391, 151.522462
416, -166.000000, 110.000000, -82.000000, 5.014570, -25.313288, -170.709518, 145.257560
417, -158.000000, 117.000000, -80.000000, 3.851045, -25.342369, -161.193605, 151.601162
418, -149.000000, 125.000000, -84.000000, 3.523384, -25.097282, -152.057995, 157.945531
419, -132.000000, 129.000000, -83.000000, 3.593296, -24.693813, -135.119757, 163.267443
420, -113.000000, 141.000000, -85.000000, 4.511891, -24.166182, -117.513765, 176.817814
421, -75.000000, 146.000000, -85.000000, 6.794484, -23.247295, -82.706819, 184.735027
422, -3.000000, 151.000000, -102.000000, 10.371335, -21.422945, -19.491083, 184.480566
423, 95.000000, 114.000000, -130.000000, 14.994078, -16.626936, 59.954658, 140.035919
424, 178.000000, 36.000000, -177.000000, 17.980997, -7.872492, 116.488781, 68.177572
425, 200.000000, -61.000000, -207.000000, 16.919750, 2.741673, 132.921702, 5.062758
426, 173.000000, -145.000000, -208.000000, 12.424372, 12.056781, 126.019790, -45.341313
427, 133.000000, -199.000000, -189.000000, 6.243878, 18.940239, 113.477935, -81.686768
428, 77.000000, -234.000000, -162.000000, -1.864673, 21.738625, 84.053195, -123.689754
429, 2.000000, -246.000000, -146.000000, -9.176155, 19.817766, 27.079738, -152.290388
430, -75.000000, -238.000000, -135.000000, -13.934688, 15.456094, -38.460036, -160.494605
431, -133.000000, -206.000000, -117.000000, -17.239100, 10.663186, -90.528386, -142.659990
432, -179.000000, -178.000000, -103.000000, -20.260025, 5.688050, -130.435781, -127.312672
433, -202.000000, -145.000000, -95.000000, -22.102341, 0.487457, -149.588116, -106.406088
434, -229.000000, -116.000000, -91.000000, -22.452431, -3.875844, -175.064057, -87.303054
435, -240.000000, -93.000000, -87.000000, -22.027670, -6.860465, -188.028295, -70.145515
436, -243.000000, -80.000000, -87.000000, -21.313957, -8.913008, -192.934198, -61.404191
437, -248.000000, -74.000000, -84.000000, -20.526369, -10.025182, -200.978419, -57.207756
438, -238.000000, -79.000000, -84.000000, -19.995327, -9.935196, -193.107567, -61.638835
439, -237.000000, -95.000000, -89.000000, -19.907852, -8.686214, -190.709320, -77.209678
440, -217.000000, -120.000000, -88.000000, -20.104610, -6.643663, -171.706089, -99.108346
441, -199.000000, -145.000000, -95.000000, -20.257364, -3.998521, -151.975986, -120.575953
442, -173.000000, -172.000000, -111.000000, -20.232502, -0.690983, -122.115532, -142.063631
443, -142.000000, -195.000000, -117.000000, -19.699266, 3.107908, -92.428036, -156.367338
444, -100.000000, -218.000000, -132.000000, -18.474415, 6.696116, -51.195552, -170.544959
445, -72.000000, -230.000000, -141.000000, -16.759922, 9.597877, -26.459829, -173.584747
446, -50.000000, -236.000000, -150.000000, -14.627754, 12.046537, -8.675974, -170.142020
447, -24.000000, -242.000000, -154.000000, -12.356578, 13.847900, 11.333870, -169.971976
448, 3.000000, -239.000000, -160.000000, -10.333512, 14.963197, 33.474426, -161.354732
449, 26.000000, -241.000000, -167.000000, -8.504613, 15.677144, 52.234233, -159.065600
450, 54.000000, -236.000000, -165.000000, -6.768045, 16.157484, 74.891631, -152.500587
451, 66.000000, -233.000000, -170.000000, -5.272214, 16.395081, 83.164347, -146.163612
452, 80.000000, -235.000000, -171.000000, -4.111819, 16.513929, 93.877988, -147.336723
453, 91.000000, -225.000000, -174.000000, -3.257342, 16.593237, 102.562447, -134.468391
454, 95.000000, -224.000000, -173.000000, -2.286402, 16.673845, 103.648805, -132.793719
455, 116.000000, -222.000000, -179.000000, -0.652283, 16.770861, 119.852922, -127.182540
456, 147.000000, -198.000000, -180.000000, 2.072621, 16.547216, 142.216581, -98.720522
457, 195.000000, -145.000000, -180.000000, 6.123056, 15.670516, 176.510652, -38.359041
458, 218.000000, -61.000000, -181.000000, 10.171063, 14.265577, 184.434407, 55.486798
459, 191.000000, 0.000000, -197.000000, 13.486010, 12.100028, 141.614234, 120.336659
460, 156.000000, 44.000000, -190.000000, 15.511235, 8.506982, 101.329642, 152.367213
461, 117.000000, 95.000000, -170.000000, 15.589338, 4.439905, 68.832635, 191.182470
462, 71.000000, 119.000000, -149.000000, 14.350663, 1.092325, 33.676736, 205.556156
463, 35.000000, 133.000000, -135.000000, 13.262948, -2.122982, 4.917373, 212.223596
464, 13.000000, 140.000000, -136.000000, 12.477506, -5.092861, -14.868046, 211.832258
465, -1.000000, 141.000000, -141.000000, 11.780986, -7.089684, -27.944413, 206.548911
466, -2.000000, 136.000000, -139.000000, 11.363440, -8.099357, -27.525553, 197.845247
467, 3.000000, 137.000000, -135.000000, 11.561539, -8.271127, -22.294952, 198.975650
468, 16.000000, 135.000000, -143.000000, 12.149040, -7.979938, -12.630803, 195.870855
469, 36.000000, 132.000000, -148.000000, 12.932663, -7.589300, 3.786222, 192.243701
470, 63.000000, 123.000000, -156.000000, 13.883649, -6.709795, 25.549758, 182.811696
471, 92.000000, 111.000000, -161.000000, 15.034739, -5.052242, 48.909235, 173.508499
472, 126.000000, 91.000000, -171.000000, 15.994455, -2.752123, 75.826915, 157.727694
473, 156.000000, 57.000000, -182.000000, 16.529650, 0.069447, 99.594501, 129.462979
474, 182.000000, 22.000000, -189.000000, 16.505823, 3.358953, 122.625281, 104.033043
475, 203.000000, -21.000000, -198.000000, 15.751426, 6.542927, 143.449750, 70.591315
476, 204.000000, -47.000000, -197.000000, 14.719604, 9.039920, 149.072048, 52.431089
477, 214.000000, -55.000000, -195.000000, 13.553618, 10.995804, 164.163715, 52.511088
478, 210.000000, -90.000000, -199.000000, 12.142341, 12.756009, 165.266680, 21.037128
479, 183.000000, -140.000000, -194.000000, 10.221593, 14.423087, 147.491837, -31.657914
480, 127.000000, -203.000000, -186.000000, 6.323854, 15.482811, 107.562339, -105.172175
481, 40.000000, -228.000000, -176.000000, 1.080382, 15.825309, 38.497051, -138.775634
482, -40.000000, -236.000000, -149.000000, -4.819308, 14.767014, -25.517890, -160.310823
483, -113.000000, -212.000000, -122.000000, -10.222404, 11.625323, -87.732322, -148.464427
484, -169.000000, -179.000000, -109.000000, -14.417061, 7.332726, -134.716738, -124.128994
485, -207.000000, -140.000000, -101.000000, -16.377108, 2.832690, -168.300894, -92.968191
486, -225.000000, -105.000000, -94.000000, -17.161804, -1.726033, -185.422590, -66.549082
487, -237.000000, -73.000000, -87.000000, -17.215870, -5.772931, -198.809271, -41.169640
488, -242.000000, -59.000000, -83.000000, -16.710690, -8.589494, -206.091649, -32.432451
489, -244.000000, -52.000000, -86.000000, -16.037893, -10.399511, -208.921181, -29.649455
490, -240.000000, -48.000000, -88.000000, -15.358722, -11.462096, -206.298282, -27.657426
491, -240.000000, -49.000000, -102.000000, -14.738890, -11.723518, -204.329937, -32.225732
492, -231.000000, -58.000000, -108.000000, -14.203840, -11.401450, -195.615202, -42.006752
493, -227.000000, -69.000000, -110.000000, -13.753089, -10.681410, -192.517871, -52.403125
494, -227.000000, -83.000000, -113.000000, -13.522695, -9.540104, -192.461457, -65.611114
495, -221.000000, -97.000000, -115.000000, -13.544415, -8.114599, -186.098142, -77.655899
496, -203.000000, -118.000000, -122.000000, -13.876773, -6.558988, -165.992728, -97.855616
497, -194.000000, -131.000000, -125.000000, -14.189561, -5.095839, -155.617061, -108.603013
498, -183.000000, -146.000000, -133.000000, -14.310250, -3.734690, -142.625205, -122.178037
499, -170.000000, -159.000000, -134.000000, -14.175572, -2.447056, -130.185012, -132.921457
500, -152.000000, -167.000000, -142.000000, -13.778518, -1.236305, -111.983288, -138.250542
501, -139.000000, -186.000000, -149.000000, -13.036257, -0.100202, -99.985393, -156.558090
502, -115.000000, -195.000000, -161.000000, -11.909701, 1.058175, -77.476309, -162.794365
503, -88.000000, -209.000000, -169.000000, -10.476636, 2.018659, -53.980263, -175.516032
504, -63.000000, -213.000000, -181.000000, -8.821393, 2.721575, -32.674904, -177.107692
505, -34.000000, -220.000000, -185.000000, -6.928239, 3.120054, -9.613240, -183.738362
506, -13.000000, -223.000000, -200.000000, -5.189627, 2.887611, 6.966406, -187.459111
507, 11.000000, -219.000000, -211.000000, -3.725761, 2.398066, 26.510399, -184.411427
508, 32.000000, -220.000000, -216.000000, -2.743670, 1.786957, 44.125418, -188.151229
509, 48.000000, -219.000000, -217.000000, -1.854155, 1.502388, 56.818664, -188.228794
510, 68.000000, -217.000000, -218.000000, -1.124824, 1.257741, 74.089032, -186.953391
511, 73.000000, -220.000000, -220.000000, -0.912759, 1.213438, 78.317992, -190.621940
512, 80.000000, -211.000000, -224.000000, -0.760561, 1.204586, 84.788967, -179.994943
513, 92.000000, -207.000000, -217.000000, -0.477284, 1.253451, 95.627096, -175.243165
514, 93.000000, -206.000000, -227.000000, -0.613464, 1.005312, 97.247765, -174.988057
515, 95.000000, -200.000000, -226.000000, -0.620961, 0.923712, 99.266379, -168.346622
516, 92.000000, -211.000000, -222.000000, -0.283390, 1.047267, 94.919562, -180.756447
517, 73.000000, -209.000000, -221.000000, 0.115051, 1.206723, 74.378742, -177.680796
518, 7.000000, -224.000000, -203.000000, -0.029865, 1.212833, 8.928472, -195.713765
519, -87.000000, -201.000000, -184.000000, -0.440330, 0.536145, -83.760706, -171.770547
520, -164.000000, -150.000000, -158.000000, -1.298166, -0.352013, -158.555704, -115.085300
521, -220.000000, -83.000000, -143.000000, -1.879233, -1.794400, -213.369628, -40.718948
522, -228.000000, -12.000000, -135.000000, -1.936675, -3.547879, -221.484789, 37.789606
523, -213.000000, 45.000000, -130.000000, -1.504705, -5.139364, -207.690216, 100.589602
524, -186.000000, 87.000000, -129.000000, -0.562135, -5.892673, -182.902775, 148.068706
525, -146.000000, 116.000000, -132.000000, 0.785931, -6.403764, -145.974202, 180.559223
526, -101.000000, 133.000000, -133.000000, 1.969681, -6.349843, -103.688960, 200.625808
527, -64.000000, 146.000000, -143.000000, 2.681291, -5.965668, -68.796852, 215.665114
528, -18.000000, 146.000000, -149.000000, 3.340718, -5.409109, -24.829502, 216.548731
529, 7.000000, 143.000000, -157.000000, 3.855640, -4.725295, -1.750308, 214.369460
530, 34.000000, 140.000000, -164.000000, 4.051452, -4.068876, 24.150723, 212.370860
531, 47.000000, 130.000000, -164.000000, 4.210162, -3.483014, 36.655757, 202.676868
532, 48.000000, 132.000000, -163.000000, 4.283632, -2.991618, 37.513475, 206.829212
533, 52.000000, 130.000000, -163.000000, 4.343385, -2.583942, 41.328713, 205.905113
534, 39.000000, 136.000000, -160.000000, 4.343025, -2.408190, 28.594271, 213.760143
535, 42.000000, 138.000000, -164.000000, 4.343690, -2.319907, 31.280812, 216.210263
536, 45.000000, 134.000000, -160.000000, 4.229098, -2.560186, 34.900984, 210.869470
537, 31.000000, 137.000000, -150.000000, 4.054889, -2.970687, 22.138245, 213.637846
538, 16.000000, 147.000000, -147.000000, 3.748977, -3.614789, 8.176781, 223.554957
539, -35.000000, 150.000000, -130.000000, 3.288550, -4.357793, -40.577092, 226.448174
540, -117.000000, 136.000000, -125.000000, 2.463974, -5.149154, -120.443068, 208.642948
541, -178.000000, 87.000000, -132.000000, 1.716162, -6.184651, -180.050660, 147.767879
542, -218.000000, 18.000000, -129.000000, -0.089840, -6.491763, -215.974799, 66.047659
543, -223.000000, -60.000000, -135.000000, -2.150684, -5.953688, -215.954016, -25.308761
544, -177.000000, -135.000000, -156.000000, -3.996988, -4.595311, -163.872996, -111.599997
545, -114.000000, -188.000000, -180.000000, -5.103291, -2.581578, -95.714167, -168.339436
546, -33.000000, -220.000000, -202.000000, -5.869055, -0.207256, -10.348791, -196.987264
547, 49.000000, -222.000000, -218.000000, -4.986251, 1.764556, 69.585062, -190.647257
548, 115.000000, -192.000000, -232.000000, -3.576620, 3.080144, 131.071588, -148.758566
549, 165.000000, -156.000000, -237.000000, -2.025029, 3.742495, 175.094263, -102.870001
550, 189.000000, -109.000000, -239.000000, -0.650118, 3.679093, 193.522297, -47.667332
551, 195.000000, -59.000000, -233.000000, 0.476389, 3.305216, 194.878651, 8.935402
552, 186.000000, -15.000000, -225.000000, 1.296409, 2.663307, 182.684498, 57.126634
553, 165.000000, 31.000000, -211.000000, 1.879442, 1.900353, 159.813822, 107.023211
554, 149.000000, 58.000000, -208.000000, 2.316975, 1.108841, 142.291860, 135.172675
555, 116.000000, 84.000000, -194.000000, 2.574360, 0.358701, 108.991897, 162.317911
556, 93.000000, 102.000000, -188.000000, 2.736722, -0.352654, 85.740222, 180.602049
557, 69.000000, 111.000000, -180.000000, 2.816374, -0.962276, 61.894981, 188.931368
558, 54.000000, 114.000000, -182.000000, 2.916858, -1.487917, 46.491304, 190.413735
559, 44.000000, 120.000000, -175.000000, 3.044734, -1.924255, 36.465314, 196.068378
560, 37.000000, 122.000000, -173.000000, 3.263005, -2.297482, 28.915619, 197.134136
561, 39.000000, 123.000000, -175.000000, 3.604653, -2.512412, 29.742979, 197.397930
562, 44.000000, 119.000000, -174.000000, 4.029781, -2.570455, 33.486032, 192.511992
563, 51.000000, 113.000000, -182.000000, 4.485701, -2.552664, 38.432167, 185.081028
564, 67.000000, 114.000000, -181.000000, 4.980646, -2.325377, 52.855393, 187.106270
565, 82.000000, 104.000000, -190.000000, 5.438021, -1.901968, 65.447504, 176.600412
566, 104.000000, 91.000000, -195.000000, 5.782459, -1.356974, 85.646883, 163.360283
567, 120.000000, 82.000000, -199.000000, 6.047253, -0.951739, 100.190525, 154.388523
568, 139.000000, 70.000000, -203.000000, 6.223684, -0.454312, 117.996138, 142.395144
569, 173.000000, 24.000000, -211.000000, 6.064432, 0.285365, 151.563032, 91.734301
570, 195.000000, -54.000000, -230.000000, 4.695437, 1.207233, 177.340621, 4.887775
571, 171.000000, -118.000000, -239.000000, 3.465944, 1.843276, 158.061082, -66.872643
572, 130.000000, -180.000000, -229.000000, 1.744415, 2.217396, 124.791406, -138.412708
573, 58.000000, -211.000000, -219.000000, -0.203533, 1.966216, 60.600251, -176.591757
574, -25.000000, -216.000000, -205.000000, -1.798223, 1.303429, -16.732177, -185.864306
575, -100.000000, -195.000000, -183.000000, -2.420963, 0.158520, -90.357943, -166.155747
576, -164.000000, -153.000000, -165.000000, -3.164098, -1.061358, -152.820012, -121.194580
577, -203.000000, -91.000000, -150.000000, -3.467275, -2.490949, -191.733983, -52.807267
578, -224.000000, -31.000000, -136.000000, -3.251423, -3.872947, -214.103167, 14.121784
579, -213.000000, 36.000000, -133.000000, -2.605285, -5.213794, -204.911646, 89.106238
580, -179.000000, 85.000000, -128.000000, -1.388037, -6.148946, -174.024214, 144.816314
581, -127.000000, 123.000000, -135.000000, 0.244365, -6.569148, -125.751954, 187.642170
582, -69.000000, 138.000000, -138.000000, 1.896271, -6.291268, -71.705991, 205.837146
583, -11.000000, 143.000000, -152.000000, 3.312297, -5.442802, -17.941264, 212.550633
584, 42.000000, 126.000000, -164.000000, 4.267784, -4.227639, 31.501645, 195.345442
585, 81.000000, 118.000000, -174.000000, 4.603213, -2.850118, 68.597046, 190.104124
586, 111.000000, 102.000000, -180.000000, 4.459457, -1.624349, 98.490963, 175.684822
587, 128.000000, 85.000000, -184.000000, 4.106596, -0.619436, 116.317369, 159.578977
588, 136.000000, 80.000000, -190.000000, 3.660755, 0.024816, 125.413899, 156.260560
589, 134.000000, 79.000000, -191.000000, 3.318308, 0.327420, 124.542334, 156.315515
590, 131.000000, 84.000000, -182.000000, 3.122170, 0.341879, 122.715550, 162.178360
591, 116.000000, 95.000000, -171.000000, 3.112086, 0.103262, 108.368094, 174.148263
592, 92.000000, 114.000000, -165.000000, 3.181650, -0.460968, 84.523065, 194.475887
593, 42.000000, 134.000000, -154.000000, 3.284976, -1.249466, 34.929104, 215.534437
594, -37.000000, 142.000000, -146.000000, 3.597707, -2.046750, -44.266006, 222.844387
595, -113.000000, 125.000000, -142.000000, 3.210308, -3.120357, -118.952170, 200.126353
596, -179.000000, 91.000000, -125.000000, 2.117403, -4.048217, -181.673527, 159.003064
597, -217.000000, 30.000000, -131.000000, 0.844374, -4.622878, -217.084267, 85.237473
598, -222.000000, -35.000000, -137.000000, -0.749207, -4.511671, -218.366982, 8.324273
599, -199.000000, -96.000000, -152.000000, -2.669991, -4.536864, -189.880650, -65.122757
600, -157.000000, -157.000000, -166.000000, -4.010567, -3.576084, -143.182758, -134.716102

=== CALIBRATION ALGORITHM ===
Calibration formula:
Calibrated_X = (TiltCompensated_X  Scale_X) - Center_X
Calibrated_Y = (TiltCompensated_Y  Scale_Y) - Center_Y

Tilt Compensation formula:
pitch_rad = math.radians(pitch)
roll_rad = math.radians(roll)
TiltCompensated_X = mag_x * cos(pitch_rad) + mag_z * sin(pitch_rad)
TiltCompensated_Y = mag_x * sin(roll_rad)*sin(pitch_rad) + mag_y * cos(roll_rad) - mag_z * sin(roll_rad)*cos(pitch_rad)
