=== CALIBRATION PARAMETERS ===
Scale X: 1.000000
Scale Y: 1.206933
Center X: -86.073063
Center Y: -80.916653
Data Points: 600
Timestamp: 20250712_153438

=== RAW AND CALIBRATED DATA ===
Index, Raw_X, Raw_Y, Raw_Z, Pitch, Roll, Calibrated_X, Calibrated_Y
1, 7.000000, 79.000000, -136.000000, -1.039202, -0.884706, 93.073063, 176.264345
2, 5.000000, 78.000000, -136.000000, -1.051628, -0.897002, 91.073063, 175.057412
3, 6.000000, 75.000000, -136.000000, -1.059454, -0.907070, 92.073063, 171.436614
4, 4.000000, 78.000000, -143.000000, -1.068593, -0.913977, 90.073063, 175.057412
5, 6.000000, 79.000000, -139.000000, -1.068059, -0.922654, 92.073063, 176.264345
6, 6.000000, 80.000000, -138.000000, -1.076933, -0.936456, 92.073063, 177.471278
7, 5.000000, 79.000000, -134.000000, -1.080847, -0.950829, 91.073063, 176.264345
8, 4.000000, 77.000000, -134.000000, -1.083852, -0.960900, 90.073063, 173.850479
9, 9.000000, 78.000000, -142.000000, -1.077710, -0.970568, 95.073063, 175.057412
10, 4.000000, 78.000000, -134.000000, -1.070325, -0.982881, 90.073063, 175.057412
11, 9.000000, 79.000000, -135.000000, -1.072490, -0.990015, 95.073063, 176.264345
12, 3.000000, 81.000000, -134.000000, -1.060056, -0.996937, 89.073063, 178.678210
13, 3.000000, 77.000000, -139.000000, -1.065569, -1.008075, 89.073063, 173.850479
14, 3.000000, 81.000000, -140.000000, -1.068448, -1.018110, 89.073063, 178.678210
15, 4.000000, 77.000000, -135.000000, -1.078445, -1.023156, 90.073063, 173.850479
16, 4.000000, 79.000000, -138.000000, -1.066367, -1.023527, 90.073063, 176.264345
17, 8.000000, 80.000000, -137.000000, -1.065188, -1.016946, 94.073063, 177.471278
18, 5.000000, 83.000000, -135.000000, -1.055071, -1.004266, 91.073063, 181.092076
19, 4.000000, 82.000000, -137.000000, -1.049443, -0.986087, 90.073063, 179.885143
20, 10.000000, 82.000000, -139.000000, -0.910180, -1.206469, 96.073063, 179.885143
21, -2.000000, 80.000000, -139.000000, -0.774088, -1.441243, 84.073063, 177.471278
22, 4.000000, 76.000000, -135.000000, -0.633445, -1.667888, 90.073063, 172.643546
23, 20.000000, 76.000000, -138.000000, -0.465768, -1.883479, 106.073063, 172.643546
24, 36.000000, 58.000000, -146.000000, -0.289153, -2.103149, 122.073063, 150.918756
25, 57.000000, 43.000000, -151.000000, -0.220341, -2.245348, 143.073063, 132.814764
26, 74.000000, 26.000000, -158.000000, -0.195867, -2.376130, 160.073063, 112.296906
27, 97.000000, -2.000000, -170.000000, -0.185572, -2.521123, 183.073063, 78.502788
28, 114.000000, -28.000000, -174.000000, -0.170965, -2.701415, 200.073063, 47.122535
29, 119.000000, -73.000000, -185.000000, -0.121397, -2.865119, 205.073063, -7.189441
30, 121.000000, -102.000000, -188.000000, -0.080862, -3.000672, 207.073063, -42.190493
31, 113.000000, -125.000000, -191.000000, -0.008569, -3.073224, 199.073063, -69.949947
32, 113.000000, -135.000000, -194.000000, -0.011043, -3.080623, 199.073063, -82.019275
33, 105.000000, -136.000000, -196.000000, -0.125775, -3.012191, 191.073063, -83.226208
34, 114.000000, -126.000000, -188.000000, -0.341567, -2.891975, 200.073063, -71.156880
35, 118.000000, -113.000000, -190.000000, -0.633083, -2.700102, 204.073063, -55.466754
36, 120.000000, -79.000000, -181.000000, -0.972820, -2.423399, 206.073063, -14.431038
37, 119.000000, -47.000000, -177.000000, -1.371311, -2.130878, 205.073063, 24.190811
38, 106.000000, -15.000000, -168.000000, -1.725289, -1.781001, 192.073063, 62.812661
39, 90.000000, 12.000000, -162.000000, -1.987894, -1.439474, 176.073063, 95.399847
40, 74.000000, 23.000000, -159.000000, -2.139741, -1.137163, 160.073063, 108.676108
41, 56.000000, 42.000000, -148.000000, -2.217646, -0.859023, 142.073063, 131.607831
42, 27.000000, 68.000000, -138.000000, -2.104108, -0.543019, 113.073063, 162.988084
43, -25.000000, 91.000000, -127.000000, -1.860414, -0.251084, 61.073063, 190.747538
44, -87.000000, 105.000000, -111.000000, -1.550504, -0.016914, -0.926937, 207.644598
45, -138.000000, 104.000000, -97.000000, -1.199214, 0.206247, -51.926937, 206.437665
46, -163.000000, 98.000000, -99.000000, -0.795475, 0.369877, -76.926937, 199.196068
47, -177.000000, 94.000000, -94.000000, -0.474593, 0.380195, -90.926937, 194.368337
48, -181.000000, 89.000000, -97.000000, -0.271880, 0.299455, -94.926937, 188.333673
49, -180.000000, 89.000000, -93.000000, -0.157425, 0.188060, -93.926937, 188.333673
50, -173.000000, 95.000000, -93.000000, -0.113125, -0.042290, -86.926937, 195.575270
51, -160.000000, 96.000000, -99.000000, -0.171523, -0.378476, -73.926937, 196.782203
52, -143.000000, 101.000000, -102.000000, -0.232383, -0.711489, -56.926937, 202.816867
53, -123.000000, 102.000000, -105.000000, -0.297497, -1.003724, -36.926937, 204.023799
54, -110.000000, 104.000000, -112.000000, -0.349006, -1.244736, -23.926937, 206.437665
55, -80.000000, 102.000000, -116.000000, -0.415850, -1.450183, 6.073063, 204.023799
56, -63.000000, 106.000000, -116.000000, -0.481880, -1.604809, 23.073063, 208.851531
57, -52.000000, 101.000000, -117.000000, -0.575587, -1.681747, 34.073063, 202.816867
58, -47.000000, 96.000000, -120.000000, -0.698080, -1.702749, 39.073063, 196.782203
59, -60.000000, 98.000000, -117.000000, -0.836749, -1.647704, 26.073063, 199.196068
60, -65.000000, 99.000000, -114.000000, -0.957689, -1.492198, 21.073063, 200.403001
61, -89.000000, 101.000000, -116.000000, -1.056339, -1.272640, -2.926937, 202.816867
62, -104.000000, 103.000000, -104.000000, -1.107904, -1.021822, -17.926937, 205.230732
63, -127.000000, 100.000000, -105.000000, -1.084694, -0.755415, -40.926937, 201.609934
64, -156.000000, 98.000000, -97.000000, -1.010277, -0.498976, -69.926937, 199.196068
65, -182.000000, 91.000000, -93.000000, -0.871199, -0.270746, -95.926937, 190.747538
66, -206.000000, 77.000000, -92.000000, -0.684207, -0.071547, -119.926937, 173.850479
67, -225.000000, 68.000000, -89.000000, -0.448782, 0.096537, -138.926937, 162.988084
68, -239.000000, 55.000000, -84.000000, -0.181295, 0.185310, -152.926937, 147.297958
69, -255.000000, 34.000000, -94.000000, 0.083446, 0.203717, -168.926937, 121.952369
70, -261.000000, 24.000000, -93.000000, 0.333385, 0.168185, -174.926937, 109.883041
71, -266.000000, 11.000000, -94.000000, 0.522002, 0.073795, -179.926937, 94.192914
72, -270.000000, -9.000000, -94.000000, 0.690987, -0.060699, -183.926937, 70.054258
73, -275.000000, -21.000000, -101.000000, 0.813901, -0.219351, -188.926937, 55.571064
74, -280.000000, -32.000000, -102.000000, 0.909231, -0.377937, -193.926937, 42.294804
75, -276.000000, -56.000000, -106.000000, 0.981722, -0.570333, -189.926937, 13.328416
76, -273.000000, -70.000000, -114.000000, 1.083676, -0.746993, -186.926937, -3.568643
77, -266.000000, -92.000000, -114.000000, 1.150524, -0.940210, -179.926937, -30.121165
78, -260.000000, -107.000000, -121.000000, 1.192598, -1.120116, -173.926937, -48.225157
79, -252.000000, -116.000000, -128.000000, 1.260247, -1.271146, -165.926937, -59.087552
80, -249.000000, -129.000000, -131.000000, 1.302343, -1.414414, -162.926937, -74.777678
81, -241.000000, -141.000000, -135.000000, 1.345819, -1.578709, -154.926937, -89.260872
82, -241.000000, -152.000000, -138.000000, 1.371572, -1.699338, -154.926937, -102.537133
83, -237.000000, -147.000000, -134.000000, 1.410542, -1.779227, -150.926937, -96.502469
84, -239.000000, -139.000000, -128.000000, 1.436823, -1.876785, -152.926937, -86.847007
85, -252.000000, -125.000000, -126.000000, 1.493605, -1.873531, -165.926937, -69.949947
86, -259.000000, -105.000000, -118.000000, 1.568042, -1.766303, -172.926937, -45.811291
87, -270.000000, -78.000000, -111.000000, 1.640802, -1.595539, -183.926937, -13.224105
88, -277.000000, -51.000000, -102.000000, 1.658636, -1.353842, -190.926937, 19.363080
89, -269.000000, -12.000000, -91.000000, 1.568491, -1.050936, -182.926937, 66.433460
90, -255.000000, 28.000000, -91.000000, 1.335552, -0.765107, -168.926937, 114.710772
91, -234.000000, 57.000000, -86.000000, 0.942928, -0.540936, -147.926937, 149.711823
92, -200.000000, 78.000000, -96.000000, 0.447123, -0.381284, -113.926937, 175.057412
93, -157.000000, 98.000000, -101.000000, -0.109279, -0.358803, -70.926937, 199.196068
94, -109.000000, 107.000000, -114.000000, -0.630425, -0.447655, -22.926937, 210.058463
95, -58.000000, 100.000000, -120.000000, -1.087888, -0.686473, 28.073063, 201.609934
96, -15.000000, 90.000000, -136.000000, -1.448193, -0.982161, 71.073063, 189.540606
97, 15.000000, 78.000000, -139.000000, -1.747633, -1.341151, 101.073063, 175.057412
98, 13.000000, 73.000000, -139.000000, -1.906524, -1.587593, 99.073063, 169.022748
99, 19.000000, 77.000000, -139.000000, -2.053687, -1.692926, 105.073063, 173.850479
100, 6.000000, 77.000000, -136.000000, -2.195974, -1.584367, 92.073063, 173.850479
101, -7.000000, 82.000000, -133.000000, -2.280259, -1.352676, 79.073063, 179.885143
102, -28.000000, 94.000000, -128.000000, -2.364988, -1.117289, 58.073063, 194.368337
103, -37.000000, 96.000000, -129.000000, -2.541868, -0.991595, 49.073063, 196.782203
104, -41.000000, 92.000000, -124.000000, -2.741100, -0.966316, 45.073063, 191.954471
105, -42.000000, 94.000000, -126.000000, -2.971926, -1.060448, 44.073063, 194.368337
106, -43.000000, 93.000000, -122.000000, -3.239608, -1.281290, 43.073063, 193.161404
107, -48.000000, 92.000000, -130.000000, -3.361140, -1.436978, 38.073063, 191.954471
108, -43.000000, 94.000000, -132.000000, -3.274668, -1.408399, 43.073063, 194.368337
109, -38.000000, 92.000000, -130.000000, -2.975694, -1.216749, 48.073063, 191.954471
110, -50.000000, 95.000000, -129.000000, -2.449439, -0.920037, 36.073063, 195.575270
111, -63.000000, 101.000000, -119.000000, -1.758268, -0.486448, 23.073063, 202.816867
112, -86.000000, 102.000000, -118.000000, -1.007056, -0.001251, 0.073063, 204.023799
113, -115.000000, 95.000000, -108.000000, -0.253499, 0.430751, -28.926937, 195.575270
114, -157.000000, 94.000000, -100.000000, 0.511693, 0.799851, -70.926937, 194.368337
115, -212.000000, 63.000000, -103.000000, 1.256133, 0.986601, -125.926937, 156.953420
116, -252.000000, 20.000000, -106.000000, 1.888940, 0.836149, -165.926937, 105.055309
117, -267.000000, -27.000000, -112.000000, 2.355241, 0.338439, -180.926937, 48.329468
118, -267.000000, -71.000000, -126.000000, 2.518498, -0.448587, -180.926937, -4.775576
119, -257.000000, -117.000000, -137.000000, 2.317203, -1.363763, -170.926937, -60.294485
120, -230.000000, -155.000000, -151.000000, 1.775036, -2.178120, -143.926937, -106.157931
121, -204.000000, -177.000000, -164.000000, 1.123234, -2.709981, -117.926937, -132.710453
122, -175.000000, -194.000000, -172.000000, 0.504599, -3.011490, -88.926937, -153.228311
123, -164.000000, -198.000000, -175.000000, -0.007690, -3.106909, -77.926937, -158.056042
124, -168.000000, -199.000000, -174.000000, -0.353231, -3.121481, -81.926937, -159.262975
125, -168.000000, -198.000000, -179.000000, -0.507293, -3.097290, -81.926937, -158.056042
126, -171.000000, -200.000000, -174.000000, -0.495700, -3.087368, -84.926937, -160.469908
127, -175.000000, -193.000000, -166.000000, -0.354966, -3.052892, -88.926937, -152.021378
128, -195.000000, -181.000000, -161.000000, -0.058850, -3.023671, -108.926937, -137.538184
129, -213.000000, -168.000000, -153.000000, 0.338561, -2.955261, -126.926937, -121.848058
130, -236.000000, -135.000000, -140.000000, 0.821782, -2.804279, -149.926937, -82.019275
131, -267.000000, -87.000000, -126.000000, 1.347053, -2.523287, -180.926937, -24.086501
132, -270.000000, -39.000000, -112.000000, 1.823590, -2.079845, -183.926937, 33.846274
133, -264.000000, 10.000000, -103.000000, 2.082476, -1.494700, -177.926937, 92.985981
134, -246.000000, 46.000000, -101.000000, 2.035902, -0.925025, -159.926937, 136.435562
135, -212.000000, 80.000000, -102.000000, 1.689206, -0.421939, -125.926937, 177.471278
136, -175.000000, 88.000000, -107.000000, 1.088533, -0.092528, -88.926937, 187.126740
137, -132.000000, 102.000000, -112.000000, 0.340325, 0.027871, -45.926937, 204.023799
138, -88.000000, 102.000000, -126.000000, -0.372431, -0.015755, -1.926937, 204.023799
139, -43.000000, 90.000000, -133.000000, -0.983416, -0.130554, 43.073063, 189.540606
140, -7.000000, 75.000000, -145.000000, -1.485763, -0.378847, 79.073063, 171.436614
141, 31.000000, 60.000000, -153.000000, -1.855531, -0.700193, 117.073063, 153.332622
142, 49.000000, 46.000000, -163.000000, -2.096375, -1.051383, 135.073063, 136.435562
143, 69.000000, 28.000000, -164.000000, -2.240255, -1.395661, 155.073063, 114.710772
144, 79.000000, 23.000000, -167.000000, -2.300653, -1.657197, 165.073063, 108.676108
145, 82.000000, 13.000000, -167.000000, -2.335248, -1.807899, 168.073063, 96.606780
146, 83.000000, 14.000000, -171.000000, -2.358874, -1.862290, 169.073063, 97.813713
147, 78.000000, 16.000000, -169.000000, -2.368302, -1.832931, 164.073063, 100.227578
148, 74.000000, 25.000000, -166.000000, -2.348541, -1.727914, 160.073063, 111.089973
149, 69.000000, 32.000000, -165.000000, -2.305310, -1.544516, 155.073063, 119.538503
150, 60.000000, 43.000000, -165.000000, -2.240022, -1.328469, 146.073063, 132.814764
151, 48.000000, 49.000000, -157.000000, -2.134060, -1.097803, 134.073063, 140.056361
152, 36.000000, 57.000000, -153.000000, -2.001387, -0.872571, 122.073063, 149.711823
153, 20.000000, 69.000000, -149.000000, -1.852647, -0.664741, 106.073063, 164.195017
154, 5.000000, 78.000000, -142.000000, -1.943592, -0.677224, 91.073063, 175.057412
155, -15.000000, 88.000000, -138.000000, -2.007571, -0.707090, 71.073063, 187.126740
156, -43.000000, 96.000000, -129.000000, -2.036686, -0.723583, 43.073063, 196.782203
157, -93.000000, 101.000000, -113.000000, -2.015021, -0.703125, -6.926937, 202.816867
158, -153.000000, 94.000000, -104.000000, -1.901180, -0.523654, -66.926937, 194.368337
159, -211.000000, 63.000000, -100.000000, -1.498810, -0.209109, -124.926937, 156.953420
160, -252.000000, 9.000000, -108.000000, -0.978380, 0.141022, -165.926937, 91.779049
161, -273.000000, -46.000000, -120.000000, -0.334766, 0.384604, -186.926937, 25.397744
162, -267.000000, -107.000000, -136.000000, 0.343933, 0.413831, -180.926937, -48.225157
163, -231.000000, -149.000000, -153.000000, 0.902913, 0.087981, -144.926937, -98.916335
164, -198.000000, -189.000000, -171.000000, 1.184131, -0.426592, -111.926937, -147.193647
165, -151.000000, -212.000000, -184.000000, 1.220910, -1.033128, -64.926937, -174.953101
166, -119.000000, -226.000000, -194.000000, 1.056917, -1.631517, -32.926937, -191.850160
167, -84.000000, -227.000000, -201.000000, 0.813049, -2.144365, 2.073063, -193.057093
168, -57.000000, -231.000000, -202.000000, 0.552922, -2.569892, 29.073063, -197.884825
169, -47.000000, -232.000000, -207.000000, 0.337524, -2.920252, 39.073063, -199.091757
170, -41.000000, -230.000000, -209.000000, 0.220202, -3.219744, 45.073063, -196.677892
171, -36.000000, -233.000000, -210.000000, 0.202816, -3.469791, 50.073063, -200.298690
172, -37.000000, -231.000000, -211.000000, 0.294680, -3.681086, 49.073063, -197.884825
173, -43.000000, -232.000000, -201.000000, 0.487109, -3.834063, 43.073063, -199.091757
174, -57.000000, -229.000000, -204.000000, 0.773993, -3.927044, 29.073063, -195.470959
175, -66.000000, -231.000000, -199.000000, 1.118346, -3.933769, 20.073063, -197.884825
176, -92.000000, -227.000000, -196.000000, 1.468036, -3.857181, -5.926937, -193.057093
177, -109.000000, -225.000000, -192.000000, 1.818931, -3.700670, -22.926937, -190.643228
178, -129.000000, -215.000000, -184.000000, 2.146799, -3.443190, -42.926937, -178.573900
179, -158.000000, -205.000000, -173.000000, 2.425870, -3.090514, -71.926937, -166.504572
180, -187.000000, -185.000000, -169.000000, 2.638329, -2.661467, -100.926937, -142.365916
181, -209.000000, -166.000000, -156.000000, 2.790364, -2.164854, -122.926937, -119.434192
182, -240.000000, -142.000000, -146.000000, 2.826749, -1.617641, -153.926937, -90.467805
183, -250.000000, -107.000000, -136.000000, 2.740782, -1.071389, -163.926937, -48.225157
184, -267.000000, -79.000000, -127.000000, 2.505059, -0.558432, -180.926937, -14.431038
185, -270.000000, -48.000000, -116.000000, 2.122385, -0.116126, -183.926937, 22.983879
186, -274.000000, -22.000000, -115.000000, 1.587399, 0.268050, -187.926937, 54.364132
187, -267.000000, -3.000000, -107.000000, 0.990719, 0.498686, -180.926937, 77.295855
188, -261.000000, 30.000000, -101.000000, 0.328229, 0.564130, -174.926937, 117.124637
189, -232.000000, 55.000000, -99.000000, -0.387683, 0.448748, -145.926937, 147.297958
190, -187.000000, 86.000000, -109.000000, -1.067173, 0.092391, -100.926937, 184.712874
191, -112.000000, 102.000000, -122.000000, -1.688609, -0.492689, -25.926937, 204.023799
192, -29.000000, 87.000000, -139.000000, -2.167223, -1.343773, 57.073063, 185.919807
193, 34.000000, 52.000000, -159.000000, -2.304802, -2.383194, 120.073063, 143.677159
194, 85.000000, 0.000000, -173.000000, -2.009789, -3.327147, 171.073063, 80.916653
195, 106.000000, -45.000000, -185.000000, -1.531764, -3.969685, 192.073063, 26.604677
196, 113.000000, -79.000000, -195.000000, -0.968237, -4.398263, 199.073063, -14.431038
197, 114.000000, -107.000000, -197.000000, -0.454269, -4.572689, 200.073063, -48.225157
198, 110.000000, -135.000000, -199.000000, -0.054460, -4.524345, 196.073063, -82.019275
199, 99.000000, -148.000000, -203.000000, 0.155723, -4.336534, 185.073063, -97.709402
200, 94.000000, -155.000000, -204.000000, 0.193117, -4.063554, 180.073063, -106.157931
201, 92.000000, -154.000000, -203.000000, 0.074864, -3.757933, 178.073063, -104.950999
202, 100.000000, -152.000000, -204.000000, -0.153068, -3.404771, 186.073063, -102.537133
203, 106.000000, -141.000000, -199.000000, -0.447283, -3.020675, 192.073063, -89.260872
204, 110.000000, -119.000000, -199.000000, -0.752689, -2.620070, 196.073063, -62.708350
205, 115.000000, -99.000000, -194.000000, -1.044485, -2.198793, 201.073063, -38.569694
206, 117.000000, -71.000000, -192.000000, -1.261742, -1.760621, 203.073063, -4.775576
207, 108.000000, -39.000000, -182.000000, -1.391683, -1.323310, 194.073063, 33.846274
208, 99.000000, -11.000000, -174.000000, -1.420713, -0.915456, 185.073063, 67.640392
209, 73.000000, 24.000000, -165.000000, -1.368736, -0.567990, 159.073063, 109.883041
210, 51.000000, 51.000000, -156.000000, -1.233018, -0.299991, 137.073063, 142.470226
211, 19.000000, 73.000000, -150.000000, -1.083603, -0.161917, 105.073063, 169.022748
212, -14.000000, 85.000000, -138.000000, -0.932321, -0.120139, 72.073063, 183.505942
213, -51.000000, 92.000000, -124.000000, -0.758895, -0.176233, 35.073063, 191.954471
214, -113.000000, 102.000000, -113.000000, -0.603477, -0.262309, -26.926937, 204.023799
215, -188.000000, 84.000000, -96.000000, -0.383013, -0.242488, -101.926937, 182.299009
216, -246.000000, 36.000000, -105.000000, -0.149813, -0.195647, -159.926937, 124.366234
217, -270.000000, -24.000000, -118.000000, 0.083147, -0.204428, -183.926937, 51.950266
218, -261.000000, -93.000000, -130.000000, 0.390002, -0.401244, -174.926937, -31.328098
219, -174.000000, -197.000000, -177.000000, 0.317892, -0.738409, -87.926937, -156.849109
220, -116.000000, -219.000000, -194.000000, 0.119403, -1.109215, -29.926937, -183.401631
221, -68.000000, -230.000000, -202.000000, -0.110329, -1.421704, 18.073063, -196.677892
222, -31.000000, -233.000000, -207.000000, -0.349853, -1.703888, 55.073063, -200.298690
223, 7.000000, -221.000000, -217.000000, -0.570645, -1.958804, 93.073063, -185.815496
224, 34.000000, -214.000000, -221.000000, -0.722802, -2.224946, 120.073063, -177.366967
225, 56.000000, -201.000000, -223.000000, -0.796142, -2.489643, 142.073063, -161.676840
226, 73.000000, -186.000000, -226.000000, -0.845993, -2.770864, 159.073063, -143.572848
227, 85.000000, -177.000000, -221.000000, -0.864279, -3.040346, 171.073063, -132.710453
228, 94.000000, -169.000000, -226.000000, -0.865070, -3.300400, 180.073063, -123.054991
229, 97.000000, -159.000000, -225.000000, -0.855049, -3.531140, 183.073063, -110.985663
230, 102.000000, -153.000000, -220.000000, -0.830676, -3.725447, 188.073063, -103.744066
231, 104.000000, -150.000000, -226.000000, -0.769839, -3.887276, 190.073063, -100.123267
232, 104.000000, -144.000000, -221.000000, -0.679646, -4.008431, 190.073063, -92.881671
233, 107.000000, -145.000000, -223.000000, -0.551128, -4.088604, 193.073063, -94.088603
234, 105.000000, -145.000000, -221.000000, -0.409134, -4.126441, 191.073063, -94.088603
235, 100.000000, -146.000000, -220.000000, -0.251763, -4.127469, 186.073063, -95.295536
236, 102.000000, -147.000000, -222.000000, -0.101608, -4.092304, 188.073063, -96.502469
237, 102.000000, -153.000000, -225.000000, 0.063039, -4.025125, 188.073063, -103.744066
238, 101.000000, -158.000000, -220.000000, 0.211546, -3.926429, 187.073063, -109.778730
239, 92.000000, -157.000000, -229.000000, 0.349915, -3.808949, 178.073063, -108.571797
240, 89.000000, -170.000000, -221.000000, 0.469651, -3.671573, 175.073063, -124.261923
241, 83.000000, -172.000000, -226.000000, 0.562002, -3.521585, 169.073063, -126.675789
242, 80.000000, -180.000000, -223.000000, 0.642369, -3.371188, 166.073063, -136.331251
243, 70.000000, -187.000000, -224.000000, 0.706337, -3.231408, 156.073063, -144.779781
244, 67.000000, -187.000000, -225.000000, 0.771254, -3.100727, 153.073063, -144.779781
245, 54.000000, -197.000000, -225.000000, 0.803548, -2.988867, 140.073063, -156.849109
246, 52.000000, -206.000000, -218.000000, 0.829841, -2.893806, 138.073063, -167.711504
247, 35.000000, -214.000000, -223.000000, 0.826418, -2.807988, 121.073063, -177.366967
248, 26.000000, -217.000000, -215.000000, 0.825126, -2.740484, 112.073063, -180.987765
249, 18.000000, -221.000000, -221.000000, 0.822188, -2.691904, 104.073063, -185.815496
250, 5.000000, -221.000000, -216.000000, 0.837121, -2.658922, 91.073063, -185.815496
251, -9.000000, -224.000000, -213.000000, 0.864011, -2.642662, 77.073063, -189.436295
252, -17.000000, -225.000000, -210.000000, 0.916849, -2.643238, 69.073063, -190.643228
253, -29.000000, -229.000000, -210.000000, 0.968877, -2.647218, 57.073063, -195.470959
254, -41.000000, -231.000000, -208.000000, 1.036610, -2.648866, 45.073063, -197.884825
255, -54.000000, -227.000000, -203.000000, 1.099396, -2.641019, 32.073063, -193.057093
256, -65.000000, -228.000000, -198.000000, 1.164042, -2.620247, 21.073063, -194.264026
257, -80.000000, -228.000000, -198.000000, 1.235046, -2.580594, 6.073063, -194.264026
258, -92.000000, -226.000000, -193.000000, 1.323682, -2.508066, -5.926937, -191.850160
259, -118.000000, -222.000000, -188.000000, 1.418852, -2.429657, -31.926937, -187.022429
260, -142.000000, -213.000000, -183.000000, 1.555998, -2.322971, -55.926937, -176.160034
261, -176.000000, -199.000000, -168.000000, 1.738432, -2.154968, -89.926937, -159.262975
262, -225.000000, -157.000000, -149.000000, 1.919829, -1.906686, -138.926937, -108.571797
263, -259.000000, -97.000000, -123.000000, 2.007993, -1.529245, -172.926937, -36.155829
264, -273.000000, -29.000000, -113.000000, 1.906038, -1.062489, -186.926937, 45.915602
265, -251.000000, 23.000000, -101.000000, 1.503942, -0.638432, -164.926937, 108.676108
266, -215.000000, 67.000000, -104.000000, 0.792260, -0.379907, -128.926937, 161.781151
267, -172.000000, 89.000000, -103.000000, -0.091816, -0.387320, -85.926937, 188.333673
268, -120.000000, 103.000000, -119.000000, -0.945805, -0.667083, -33.926937, 205.230732
269, -63.000000, 94.000000, -135.000000, -1.646211, -1.154994, 23.073063, 194.368337
270, -7.000000, 83.000000, -144.000000, -2.056436, -1.739751, 79.073063, 181.092076
271, 37.000000, 56.000000, -155.000000, -2.184944, -2.315621, 123.073063, 148.504890
272, 65.000000, 28.000000, -168.000000, -2.097636, -2.795822, 151.073063, 114.710772
273, 86.000000, 6.000000, -173.000000, -1.922092, -3.150615, 172.073063, 88.158250
274, 98.000000, -12.000000, -179.000000, -1.712307, -3.336508, 184.073063, 66.433460
275, 101.000000, -28.000000, -184.000000, -1.553920, -3.341159, 187.073063, 47.122535
276, 109.000000, -34.000000, -182.000000, -1.470263, -3.219039, 195.073063, 39.880938
277, 107.000000, -41.000000, -183.000000, -1.445230, -3.004271, 193.073063, 31.432408
278, 100.000000, -39.000000, -184.000000, -1.452287, -2.724681, 186.073063, 33.846274
279, 103.000000, -29.000000, -180.000000, -1.494711, -2.382784, 189.073063, 45.915602
280, 104.000000, -19.000000, -174.000000, -1.563295, -2.013519, 190.073063, 57.984930
281, 94.000000, 3.000000, -171.000000, -1.625295, -1.640649, 180.073063, 84.537452
282, 79.000000, 14.000000, -166.000000, -1.675403, -1.276992, 165.073063, 97.813713
283, 61.000000, 31.000000, -162.000000, -1.673381, -0.933374, 147.073063, 118.331570
284, 47.000000, 50.000000, -155.000000, -1.623544, -0.622106, 133.073063, 141.263294
285, 21.000000, 67.000000, -146.000000, -1.505312, -0.366896, 107.073063, 161.781151
286, 2.000000, 77.000000, -145.000000, -1.284643, -0.181757, 88.073063, 173.850479
287, -23.000000, 87.000000, -135.000000, -1.041008, -0.070141, 63.073063, 185.919807
288, -46.000000, 91.000000, -128.000000, -0.789728, -0.026956, 40.073063, 190.747538
289, -84.000000, 98.000000, -116.000000, -0.535413, -0.061694, 2.073063, 199.196068
290, -142.000000, 99.000000, -109.000000, -0.273212, -0.100924, -55.926937, 200.403001
291, -199.000000, 76.000000, -101.000000, -0.065408, -0.157153, -112.926937, 172.643546
292, -242.000000, 42.000000, -100.000000, 0.139164, -0.233965, -155.926937, 131.607831
293, -268.000000, -6.000000, -112.000000, 0.283924, -0.343115, -181.926937, 73.675056
294, -273.000000, -61.000000, -125.000000, 0.377436, -0.457387, -186.926937, 7.293752
295, -256.000000, -111.000000, -142.000000, 0.394601, -0.626172, -169.926937, -53.052888
296, -225.000000, -154.000000, -157.000000, 0.361075, -0.819825, -138.926937, -104.950999
297, -187.000000, -190.000000, -173.000000, 0.271920, -1.021633, -100.926937, -148.400580
298, -149.000000, -212.000000, -184.000000, 0.189217, -1.221520, -62.926937, -174.953101
299, -114.000000, -224.000000, -190.000000, 0.109060, -1.424077, -27.926937, -189.436295
300, -88.000000, -230.000000, -200.000000, 0.066115, -1.647267, -1.926937, -196.677892
301, -67.000000, -229.000000, -202.000000, 0.041561, -1.892629, 19.073063, -195.470959
302, -53.000000, -233.000000, -207.000000, 0.077968, -2.156010, 33.073063, -200.298690
303, -45.000000, -228.000000, -207.000000, 0.168036, -2.436448, 41.073063, -194.264026
304, -45.000000, -231.000000, -210.000000, 0.326577, -2.720426, 41.073063, -197.884825
305, -43.000000, -234.000000, -204.000000, 0.513900, -2.983457, 43.073063, -201.505623
306, -47.000000, -228.000000, -207.000000, 0.738158, -3.214778, 39.073063, -194.264026
307, -55.000000, -232.000000, -207.000000, 0.987129, -3.388775, 31.073063, -199.091757
308, -67.000000, -232.000000, -201.000000, 1.247450, -3.510810, 19.073063, -199.091757
309, -83.000000, -231.000000, -199.000000, 1.517688, -3.559001, 3.073063, -197.884825
310, -96.000000, -223.000000, -188.000000, 1.808289, -3.505383, -9.926937, -188.229362
311, -114.000000, -219.000000, -187.000000, 2.103076, -3.360533, -27.926937, -183.401631
312, -140.000000, -216.000000, -185.000000, 2.375659, -3.140671, -53.926937, -179.780832
313, -162.000000, -200.000000, -177.000000, 2.611185, -2.826702, -75.926937, -160.469908
314, -185.000000, -187.000000, -164.000000, 2.744814, -2.448441, -98.926937, -144.779781
315, -211.000000, -169.000000, -158.000000, 2.783324, -2.052040, -124.926937, -123.054991
316, -224.000000, -152.000000, -155.000000, 2.703775, -1.652734, -137.926937, -102.537133
317, -235.000000, -133.000000, -142.000000, 2.533869, -1.259419, -148.926937, -79.605410
318, -258.000000, -112.000000, -134.000000, 2.296427, -0.870798, -171.926937, -54.259821
319, -271.000000, -66.000000, -116.000000, 1.987566, -0.469938, -184.926937, 1.259088
320, -268.000000, -13.000000, -107.000000, 1.481291, -0.145812, -181.926937, 65.226527
321, -239.000000, 43.000000, -97.000000, 0.735557, 0.062853, -152.926937, 132.814764
322, -193.000000, 80.000000, -104.000000, -0.198317, -0.011367, -106.926937, 177.471278
323, -128.000000, 101.000000, -115.000000, -1.135106, -0.418037, -41.926937, 202.816867
324, -66.000000, 100.000000, -128.000000, -1.789240, -1.184234, 20.073063, 201.609934
325, -7.000000, 82.000000, -149.000000, -2.024011, -2.024048, 79.073063, 179.885143
326, 41.000000, 50.000000, -165.000000, -1.890496, -2.776958, 127.073063, 141.263294
327, 78.000000, 17.000000, -169.000000, -1.528413, -3.293880, 164.073063, 101.434511
328, 99.000000, -17.000000, -176.000000, -1.133784, -3.597893, 185.073063, 60.398796
329, 111.000000, -37.000000, -181.000000, -0.864788, -3.679413, 197.073063, 36.260140
330, 118.000000, -59.000000, -190.000000, -0.734910, -3.606412, 204.073063, 9.707618
331, 120.000000, -72.000000, -189.000000, -0.706552, -3.437132, 206.073063, -5.982509
332, 118.000000, -80.000000, -196.000000, -0.783615, -3.204802, 204.073063, -15.637971
333, 120.000000, -80.000000, -191.000000, -0.922329, -2.931590, 206.073063, -15.637971
334, 114.000000, -73.000000, -187.000000, -1.099940, -2.620785, 200.073063, -7.189441
335, 113.000000, -61.000000, -191.000000, -1.297572, -2.264955, 199.073063, 7.293752
336, 111.000000, -42.000000, -183.000000, -1.495246, -1.888273, 197.073063, 30.225476
337, 104.000000, -28.000000, -179.000000, -1.642865, -1.510423, 190.073063, 47.122535
338, 92.000000, -4.000000, -171.000000, -1.727238, -1.124579, 178.073063, 76.088922
339, 80.000000, 19.000000, -168.000000, -1.734251, -0.757930, 166.073063, 103.848377
340, 56.000000, 40.000000, -159.000000, -1.666109, -0.434901, 142.073063, 129.193965
341, 30.000000, 62.000000, -152.000000, -1.525882, -0.173273, 116.073063, 155.746487
342, 5.000000, 75.000000, -143.000000, -1.333886, 0.004311, 91.073063, 171.436614
343, -29.000000, 87.000000, -132.000000, -1.116317, 0.085367, 57.073063, 185.919807
344, -54.000000, 96.000000, -128.000000, -0.922625, 0.055638, 32.073063, 196.782203
345, -74.000000, 99.000000, -125.000000, -0.774416, -0.063285, 12.073063, 200.403001
346, -92.000000, 101.000000, -118.000000, -0.722099, -0.233892, -5.926937, 202.816867
347, -102.000000, 97.000000, -118.000000, -0.720919, -0.430880, -15.926937, 197.989135
348, -130.000000, 99.000000, -108.000000, -0.714833, -0.611892, -43.926937, 200.403001
349, -182.000000, 83.000000, -101.000000, -0.669554, -0.626680, -95.926937, 181.092076
350, -250.000000, 35.000000, -105.000000, -0.468870, -0.469915, -163.926937, 123.159301
351, -273.000000, -43.000000, -122.000000, -0.150010, -0.269297, -186.926937, 29.018543
352, -249.000000, -124.000000, -145.000000, 0.270575, -0.125672, -162.926937, -68.743014
353, -183.000000, -188.000000, -168.000000, 0.685524, -0.196381, -96.926937, -145.986714
354, -116.000000, -223.000000, -194.000000, 0.919934, -0.578088, -29.926937, -188.229362
355, -35.000000, -226.000000, -210.000000, 0.709338, -1.154012, 51.073063, -191.850160
356, 24.000000, -218.000000, -218.000000, 0.211670, -1.651892, 110.073063, -182.194698
357, 73.000000, -189.000000, -225.000000, -0.431030, -1.969852, 159.073063, -147.193647
358, 101.000000, -152.000000, -227.000000, -1.064031, -2.089395, 187.073063, -102.537133
359, 115.000000, -113.000000, -217.000000, -1.596891, -2.053957, 201.073063, -55.466754
360, 113.000000, -72.000000, -213.000000, -2.017592, -1.939914, 199.073063, -5.982509
361, 102.000000, -44.000000, -202.000000, -2.307245, -1.788441, 188.073063, 27.811610
362, 91.000000, -7.000000, -195.000000, -2.508534, -1.629147, 177.073063, 72.468124
363, 65.000000, 21.000000, -183.000000, -2.632482, -1.486649, 151.073063, 106.262242
364, 53.000000, 35.000000, -173.000000, -2.700219, -1.395894, 139.073063, 123.159301
365, 30.000000, 51.000000, -166.000000, -2.717392, -1.342600, 116.073063, 142.470226
366, 17.000000, 60.000000, -158.000000, -2.675076, -1.302694, 103.073063, 153.332622
367, -6.000000, 69.000000, -159.000000, -2.584467, -1.303688, 80.073063, 164.195017
368, -20.000000, 79.000000, -155.000000, -2.457037, -1.333607, 66.073063, 176.264345
369, -28.000000, 85.000000, -154.000000, -2.294935, -1.397002, 58.073063, 183.505942
370, -33.000000, 86.000000, -151.000000, -2.088118, -1.482533, 53.073063, 184.712874
371, -30.000000, 82.000000, -151.000000, -1.873178, -1.597686, 56.073063, 179.885143
372, -30.000000, 80.000000, -146.000000, -1.627322, -1.724362, 56.073063, 177.471278
373, -21.000000, 79.000000, -157.000000, -1.343842, -1.846766, 65.073063, 176.264345
374, -14.000000, 77.000000, -153.000000, -1.028077, -1.920719, 72.073063, 173.850479
375, -13.000000, 75.000000, -157.000000, -0.745020, -1.967813, 73.073063, 171.436614
376, -1.000000, 74.000000, -161.000000, -0.493383, -2.019654, 85.073063, 170.229681
377, 21.000000, 62.000000, -167.000000, -0.266600, -2.061817, 107.073063, 155.746487
378, 54.000000, 35.000000, -177.000000, -0.059456, -2.194512, 140.073063, 123.159301
379, 93.000000, -7.000000, -198.000000, 0.106632, -2.374212, 179.073063, 72.468124
380, 113.000000, -72.000000, -213.000000, 0.359207, -2.620512, 199.073063, -5.982509
381, 104.000000, -136.000000, -224.000000, 0.671359, -2.788363, 190.073063, -83.226208
382, 77.000000, -186.000000, -222.000000, 0.969328, -2.834520, 163.073063, -143.572848
383, 23.000000, -216.000000, -216.000000, 1.175741, -2.711273, 109.073063, -179.780832
384, -32.000000, -226.000000, -208.000000, 1.240387, -2.534626, 54.073063, -191.850160
385, -89.000000, -228.000000, -196.000000, 1.123218, -2.285513, -2.926937, -194.264026
386, -146.000000, -210.000000, -181.000000, 0.882295, -2.095321, -59.926937, -172.539236
387, -198.000000, -186.000000, -162.000000, 0.613651, -1.998540, -111.926937, -143.572848
388, -226.000000, -152.000000, -148.000000, 0.357927, -1.969043, -139.926937, -102.537133
389, -256.000000, -106.000000, -133.000000, 0.150009, -1.967402, -169.926937, -47.018224
390, -269.000000, -57.000000, -117.000000, -0.013723, -1.974569, -182.926937, 12.121483
391, -269.000000, -14.000000, -110.000000, -0.128008, -2.017958, -182.926937, 64.019594
392, -250.000000, 25.000000, -106.000000, -0.233091, -2.079195, -163.926937, 111.089973
393, -227.000000, 54.000000, -101.000000, -0.331488, -2.105633, -140.926937, 146.091025
394, -199.000000, 74.000000, -102.000000, -0.376371, -2.117842, -112.926937, 170.229681
395, -167.000000, 93.000000, -106.000000, -0.406068, -2.075540, -80.926937, 193.161404
396, -133.000000, 101.000000, -110.000000, -0.446923, -1.939885, -46.926937, 202.816867
397, -107.000000, 103.000000, -115.000000, -0.502585, -1.692380, -20.926937, 205.230732
398, -73.000000, 97.000000, -126.000000, -0.584300, -1.401124, 13.073063, 197.989135
399, -42.000000, 94.000000, -129.000000, -0.749784, -1.106689, 44.073063, 194.368337
400, -15.000000, 83.000000, -141.000000, -0.996545, -0.876098, 71.073063, 181.092076
401, -1.000000, 75.000000, -143.000000, -1.289308, -0.690704, 85.073063, 171.436614
402, 18.000000, 67.000000, -149.000000, -1.573153, -0.583179, 104.073063, 161.781151
403, 27.000000, 62.000000, -150.000000, -1.821813, -0.526329, 113.073063, 155.746487
404, 38.000000, 62.000000, -155.000000, -2.020548, -0.483344, 124.073063, 155.746487
405, 37.000000, 54.000000, -156.000000, -2.120256, -0.420537, 123.073063, 146.091025
406, 35.000000, 55.000000, -148.000000, -2.137262, -0.338285, 121.073063, 147.297958
407, 28.000000, 63.000000, -152.000000, -2.079937, -0.247233, 114.073063, 156.953420
408, 21.000000, 70.000000, -147.000000, -1.959056, -0.149115, 107.073063, 165.401950
409, 5.000000, 80.000000, -145.000000, -1.797719, -0.078196, 91.073063, 177.471278
410, 3.000000, 75.000000, -145.000000, -1.600775, -0.069428, 89.073063, 171.436614
411, 1.000000, 82.000000, -144.000000, -1.411461, -0.119498, 87.073063, 179.885143
412, 3.000000, 76.000000, -145.000000, -1.233302, -0.202030, 89.073063, 172.643546
413, 4.000000, 77.000000, -143.000000, -1.031230, -0.318790, 90.073063, 173.850479
414, 7.000000, 75.000000, -148.000000, -0.732580, -0.466865, 93.073063, 171.436614
415, 5.000000, 76.000000, -141.000000, -0.227329, -0.589329, 91.073063, 172.643546
416, 1.000000, 75.000000, -139.000000, 0.678359, -0.700300, 87.073063, 171.436614
417, 14.000000, 77.000000, -141.000000, 2.038264, -0.832618, 100.073063, 173.850479
418, 20.000000, 75.000000, -137.000000, 3.870070, -1.000911, 106.073063, 171.436614
419, 30.000000, 74.000000, -134.000000, 5.985614, -1.163214, 116.073063, 170.229681
420, 29.000000, 75.000000, -128.000000, 7.819981, -1.332163, 115.073063, 171.436614
421, 36.000000, 79.000000, -132.000000, 9.346165, -1.407948, 122.073063, 176.264345
422, 40.000000, 75.000000, -131.000000, 10.850181, -1.283016, 126.073063, 171.436614
423, 43.000000, 73.000000, -128.000000, 11.810353, -1.041949, 129.073063, 169.022748
424, 40.000000, 70.000000, -132.000000, 12.489721, -0.312103, 126.073063, 165.401950
425, 44.000000, 66.000000, -133.000000, 13.469294, 0.470163, 130.073063, 160.574218
426, 47.000000, 67.000000, -130.000000, 14.276290, 1.104117, 133.073063, 161.781151
427, 47.000000, 67.000000, -129.000000, 14.521186, 1.127063, 133.073063, 161.781151
428, 45.000000, 74.000000, -127.000000, 14.713886, 0.612644, 131.073063, 170.229681
429, 43.000000, 78.000000, -113.000000, 14.733764, -0.770122, 129.073063, 175.057412
430, 37.000000, 78.000000, -111.000000, 14.740192, -2.274652, 123.073063, 175.057412
431, 44.000000, 84.000000, -105.000000, 14.767410, -3.598664, 130.073063, 182.299009
432, 50.000000, 79.000000, -108.000000, 14.719412, -4.457532, 136.073063, 176.264345
433, 49.000000, 77.000000, -113.000000, 14.701892, -4.849206, 135.073063, 173.850479
434, 51.000000, 72.000000, -113.000000, 14.629441, -4.719800, 137.073063, 167.815815
435, 52.000000, 75.000000, -115.000000, 14.262260, -4.230287, 138.073063, 171.436614
436, 58.000000, 70.000000, -119.000000, 13.924603, -3.468796, 144.073063, 165.401950
437, 65.000000, 59.000000, -121.000000, 13.795186, -2.373343, 151.073063, 152.125689
438, 81.000000, 43.000000, -132.000000, 13.687408, -0.796431, 167.073063, 132.814764
439, 97.000000, 22.000000, -139.000000, 13.638226, 1.339201, 183.073063, 107.469175
440, 120.000000, -18.000000, -147.000000, 13.248860, 3.981808, 206.073063, 59.191863
441, 137.000000, -67.000000, -163.000000, 11.997711, 7.187625, 223.073063, 0.052155
442, 127.000000, -135.000000, -170.000000, 9.625508, 10.084813, 213.073063, -82.019275
443, 95.000000, -189.000000, -172.000000, 6.529782, 12.341268, 181.073063, -147.193647
444, 68.000000, -222.000000, -163.000000, 2.782542, 13.652302, 154.073063, -187.022429
445, 28.000000, -247.000000, -151.000000, -0.911575, 13.769202, 114.073063, -217.195749
446, 1.000000, -257.000000, -145.000000, -3.812018, 12.956505, 87.073063, -229.265077
447, -19.000000, -256.000000, -144.000000, -5.776061, 12.362580, 67.073063, -228.058145
448, -13.000000, -258.000000, -148.000000, -7.169204, 12.039893, 73.073063, -230.472010
449, 2.000000, -258.000000, -149.000000, -7.771036, 12.078199, 88.073063, -230.472010
450, 19.000000, -247.000000, -148.000000, -7.519221, 12.694814, 105.073063, -217.195749
451, 54.000000, -238.000000, -156.000000, -6.173714, 13.765673, 140.073063, -206.333354
452, 90.000000, -209.000000, -161.000000, -3.862455, 14.877277, 176.073063, -171.332303
453, 112.000000, -173.000000, -168.000000, -0.625150, 15.525029, 198.073063, -127.882722
454, 138.000000, -135.000000, -159.000000, 3.154815, 15.318810, 224.073063, -82.019275
455, 143.000000, -84.000000, -156.000000, 6.892896, 14.139669, 229.073063, -20.465702
456, 133.000000, -38.000000, -146.000000, 10.161874, 12.075171, 219.073063, 35.053207
457, 110.000000, 7.000000, -138.000000, 12.778141, 9.224123, 196.073063, 89.365183
458, 81.000000, 43.000000, -124.000000, 14.503912, 5.889991, 167.073063, 132.814764
459, 46.000000, 71.000000, -112.000000, 15.335985, 2.398011, 132.073063, 166.608882
460, 16.000000, 92.000000, -105.000000, 15.487332, -0.953994, 102.073063, 191.954471
461, -16.000000, 103.000000, -96.000000, 15.194925, -3.919884, 70.073063, 205.230732
462, -36.000000, 108.000000, -92.000000, 14.594728, -6.346049, 50.073063, 211.265396
463, -51.000000, 117.000000, -88.000000, 13.853838, -8.163069, 35.073063, 222.127791
464, -61.000000, 116.000000, -83.000000, 13.323292, -9.227416, 25.073063, 220.920859
465, -60.000000, 118.000000, -87.000000, 12.859432, -9.964742, 26.073063, 223.334724
466, -77.000000, 120.000000, -81.000000, 12.339686, -10.686996, 9.073063, 225.748590
467, -101.000000, 123.000000, -74.000000, 11.649444, -11.488023, -14.926937, 229.369388
468, -135.000000, 116.000000, -67.000000, 10.610561, -12.520450, -48.926937, 220.920859
469, -183.000000, 110.000000, -58.000000, 8.564864, -14.078047, -96.926937, 213.679262
470, -242.000000, 81.000000, -48.000000, 5.546089, -15.706894, -155.926937, 178.678210
471, -276.000000, 43.000000, -48.000000, 1.573905, -16.643408, -189.926937, 132.814764
472, -297.000000, -5.000000, -53.000000, -3.017717, -16.562260, -210.926937, 74.881989
473, -299.000000, -54.000000, -66.000000, -7.674789, -15.140097, -212.926937, 15.742282
474, -288.000000, -108.000000, -77.000000, -11.557215, -12.332811, -201.926937, -49.432090
475, -262.000000, -158.000000, -91.000000, -14.300097, -8.325231, -175.926937, -109.778730
476, -215.000000, -198.000000, -106.000000, -15.707973, -3.740353, -128.926937, -158.056042
477, -169.000000, -229.000000, -125.000000, -15.864530, 1.037995, -82.926937, -195.470959
478, -118.000000, -250.000000, -145.000000, -14.764171, 5.445261, -31.926937, -220.816548
479, -64.000000, -258.000000, -155.000000, -12.595363, 9.010736, 22.073063, -230.472010
480, -17.000000, -257.000000, -163.000000, -9.715572, 11.503012, 69.073063, -229.265077
481, 25.000000, -240.000000, -174.000000, -6.586535, 13.002148, 111.073063, -208.747220
482, 60.000000, -227.000000, -175.000000, -3.533458, 13.702886, 146.073063, -193.057093
483, 85.000000, -207.000000, -181.000000, -0.796949, 13.771196, 171.073063, -168.918437
484, 104.000000, -188.000000, -182.000000, 1.477178, 13.417431, 190.073063, -145.986714
485, 112.000000, -175.000000, -185.000000, 3.218516, 12.854717, 198.073063, -130.296587
486, 123.000000, -161.000000, -185.000000, 4.498826, 12.244068, 209.073063, -113.399528
487, 134.000000, -148.000000, -181.000000, 5.378957, 11.723964, 220.073063, -97.709402
488, 133.000000, -148.000000, -183.000000, 5.927712, 11.368799, 219.073063, -97.709402
489, 128.000000, -142.000000, -183.000000, 6.206233, 11.196681, 214.073063, -90.467805
490, 129.000000, -152.000000, -186.000000, 6.232352, 11.214094, 215.073063, -102.537133
491, 132.000000, -153.000000, -183.000000, 6.006667, 11.403564, 218.073063, -103.744066
492, 117.000000, -160.000000, -189.000000, 5.530293, 11.715145, 203.073063, -112.192595
493, 116.000000, -173.000000, -189.000000, 4.802470, 12.085710, 202.073063, -127.882722
494, 103.000000, -191.000000, -185.000000, 4.068999, 12.473558, 189.073063, -149.607512
495, 94.000000, -205.000000, -185.000000, 3.307674, 12.865485, 180.073063, -166.504572
496, 92.000000, -211.000000, -180.000000, 2.484493, 13.196119, 178.073063, -173.746168
497, 81.000000, -212.000000, -181.000000, 1.480234, 13.414515, 167.073063, -174.953101
498, 62.000000, -228.000000, -182.000000, 0.301206, 13.542317, 148.073063, -194.264026
499, 34.000000, -243.000000, -175.000000, -1.470994, 13.540051, 120.073063, -212.368018
500, -2.000000, -253.000000, -166.000000, -3.525504, 13.200063, 84.073063, -224.437346
501, -40.000000, -253.000000, -157.000000, -5.773165, 12.457733, 46.073063, -224.437346
502, -69.000000, -256.000000, -153.000000, -7.872042, 11.424572, 17.073063, -228.058145
503, -101.000000, -252.000000, -148.000000, -9.740965, 10.213812, -14.926937, -223.230413
504, -123.000000, -247.000000, -141.000000, -11.148442, 8.848825, -36.926937, -217.195749
505, -146.000000, -237.000000, -137.000000, -12.312708, 7.505171, -59.926937, -205.126421
506, -158.000000, -232.000000, -128.000000, -13.183691, 6.251244, -71.926937, -199.091757
507, -178.000000, -226.000000, -125.000000, -13.840642, 5.093992, -91.926937, -191.850160
508, -187.000000, -222.000000, -118.000000, -14.298909, 4.082562, -100.926937, -187.022429
509, -195.000000, -211.000000, -115.000000, -14.635031, 3.267081, -108.926937, -173.746168
510, -201.000000, -214.000000, -114.000000, -14.811020, 2.616593, -114.926937, -177.366967
511, -212.000000, -205.000000, -109.000000, -14.989984, 1.904574, -125.926937, -166.504572
512, -247.000000, -177.000000, -92.000000, -15.227754, 0.447617, -160.926937, -132.710453
513, -287.000000, -123.000000, -76.000000, -15.144398, -2.401602, -200.926937, -67.536082
514, -304.000000, -49.000000, -57.000000, -14.165083, -6.320228, -217.926937, 21.776946
515, -285.000000, 14.000000, -46.000000, -11.788173, -10.746925, -198.926937, 97.813713
516, -256.000000, 67.000000, -45.000000, -7.311390, -14.806746, -169.926937, 161.781151
517, -200.000000, 101.000000, -55.000000, -1.200275, -17.098360, -113.926937, 202.816867
518, -137.000000, 120.000000, -66.000000, 5.157352, -16.784964, -50.926937, 225.748590
519, -57.000000, 118.000000, -84.000000, 10.539701, -13.982678, 29.073063, 223.334724
520, 16.000000, 85.000000, -111.000000, 14.203562, -9.171670, 102.073063, 183.505942
521, 71.000000, 47.000000, -136.000000, 15.460769, -3.211581, 157.073063, 137.642495
522, 107.000000, 0.000000, -155.000000, 14.694509, 2.513394, 193.073063, 80.916653
523, 128.000000, -50.000000, -156.000000, 12.543963, 7.107893, 214.073063, 20.570013
524, 140.000000, -94.000000, -164.000000, 9.391255, 10.150520, 226.073063, -32.535030
525, 131.000000, -124.000000, -166.000000, 5.964133, 11.592175, 217.073063, -68.743014
526, 123.000000, -155.000000, -168.000000, 3.139436, 11.919090, 209.073063, -106.157931
527, 108.000000, -176.000000, -170.000000, 1.020489, 11.972499, 194.073063, -131.503520
528, 100.000000, -186.000000, -168.000000, -0.550893, 12.013510, 186.073063, -143.572848
529, 102.000000, -188.000000, -173.000000, -1.475616, 12.126260, 188.073063, -145.986714
530, 106.000000, -183.000000, -170.000000, -1.584530, 12.346971, 192.073063, -139.952050
531, 112.000000, -172.000000, -171.000000, -1.081181, 12.668919, 198.073063, -126.675789
532, 121.000000, -152.000000, -174.000000, -0.106407, 13.059204, 207.073063, -102.537133
533, 129.000000, -136.000000, -171.000000, 1.445870, 13.289282, 215.073063, -83.226208
534, 135.000000, -104.000000, -162.000000, 3.575164, 13.193299, 221.073063, -44.604358
535, 138.000000, -76.000000, -164.000000, 5.974114, 12.698708, 224.073063, -10.810240
536, 126.000000, -48.000000, -155.000000, 8.421367, 11.709832, 212.073063, 22.983879
537, 114.000000, -19.000000, -145.000000, 10.690866, 10.208962, 200.073063, 57.984930
538, 109.000000, 5.000000, -143.000000, 12.377523, 8.555615, 195.073063, 86.951317
539, 99.000000, 15.000000, -142.000000, 13.700314, 6.660189, 185.073063, 99.020645
540, 78.000000, 37.000000, -132.000000, 14.766317, 4.496343, 164.073063, 125.573167
541, 31.000000, 79.000000, -121.000000, 15.480295, 1.936513, 117.073063, 176.264345
542, -26.000000, 101.000000, -107.000000, 15.631889, -1.273080, 60.073063, 202.816867
543, -70.000000, 112.000000, -84.000000, 14.990025, -4.903226, 16.073063, 216.093127
544, -115.000000, 119.000000, -74.000000, 13.408367, -8.321844, -28.926937, 224.541657
545, -149.000000, 117.000000, -65.000000, 11.302697, -11.207682, -62.926937, 222.127791
546, -177.000000, 112.000000, -59.000000, 8.998130, -13.468320, -90.926937, 216.093127
547, -190.000000, 111.000000, -55.000000, 6.727277, -14.914072, -103.926937, 214.886195
548, -208.000000, 102.000000, -52.000000, 4.832502, -15.749019, -121.926937, 204.023799
549, -217.000000, 94.000000, -52.000000, 3.319204, -16.209541, -130.926937, 194.368337
550, -223.000000, 90.000000, -48.000000, 2.120206, -16.560677, -136.926937, 189.540606
551, -227.000000, 93.000000, -44.000000, 1.243565, -16.806154, -140.926937, 193.161404
552, -229.000000, 90.000000, -44.000000, 0.837138, -16.930944, -142.926937, 189.540606
553, -236.000000, 88.000000, -50.000000, 0.721025, -17.133507, -149.926937, 187.126740
554, -228.000000, 87.000000, -43.000000, 0.590619, -17.401991, -141.926937, 185.919807
555, -236.000000, 94.000000, -38.000000, 0.424825, -17.661133, -149.926937, 194.368337
556, -238.000000, 85.000000, -34.000000, -0.054651, -17.951853, -151.926937, 183.505942
557, -263.000000, 68.000000, -29.000000, -1.759145, -18.136166, -176.926937, 162.988084
558, -291.000000, 28.000000, -30.000000, -4.166617, -17.942730, -204.926937, 114.710772
559, -309.000000, -18.000000, -44.000000, -7.103878, -17.039972, -222.926937, 59.191863
560, -305.000000, -68.000000, -59.000000, -10.347507, -15.059332, -218.926937, -1.154777
561, -286.000000, -117.000000, -76.000000, -13.266273, -11.798446, -199.926937, -60.294485
562, -254.000000, -166.000000, -87.000000, -15.058578, -7.708579, -167.926937, -119.434192
563, -211.000000, -210.000000, -102.000000, -15.936630, -2.978939, -124.926937, -172.539236
564, -151.000000, -242.000000, -123.000000, -15.641640, 1.986457, -64.926937, -211.161085
565, -102.000000, -255.000000, -140.000000, -14.103526, 6.543046, -15.926937, -226.851212
566, -44.000000, -262.000000, -146.000000, -11.584744, 10.238730, 42.073063, -235.299741
567, 1.000000, -257.000000, -162.000000, -8.352480, 12.781806, 87.073063, -229.265077
568, 41.000000, -240.000000, -168.000000, -4.697144, 14.075778, 127.073063, -208.747220
569, 74.000000, -219.000000, -173.000000, -1.232559, 14.371718, 160.073063, -183.401631
570, 96.000000, -200.000000, -179.000000, 1.550427, 13.975668, 182.073063, -160.469908
571, 111.000000, -184.000000, -181.000000, 3.629033, 13.285545, 197.073063, -141.158983
572, 125.000000, -170.000000, -186.000000, 5.127822, 12.534539, 211.073063, -124.261923
573, 126.000000, -159.000000, -181.000000, 5.929447, 11.888905, 212.073063, -110.985663
574, 129.000000, -151.000000, -184.000000, 6.392058, 11.381482, 215.073063, -101.330200
575, 129.000000, -152.000000, -183.000000, 6.633988, 11.029215, 215.073063, -102.537133
576, 134.000000, -148.000000, -184.000000, 6.637404, 10.880247, 220.073063, -97.709402
577, 123.000000, -159.000000, -184.000000, 6.398015, 10.944977, 209.073063, -110.985663
578, 121.000000, -164.000000, -183.000000, 5.973500, 11.128254, 207.073063, -117.020327
579, 117.000000, -180.000000, -183.000000, 5.322470, 11.393538, 203.073063, -136.331251
580, 112.000000, -185.000000, -190.000000, 4.674952, 11.763419, 198.073063, -142.365916
581, 98.000000, -200.000000, -178.000000, 3.920016, 12.287651, 184.073063, -160.469908
582, 72.000000, -225.000000, -172.000000, 2.332726, 12.761668, 158.073063, -190.643228
583, -1.000000, -252.000000, -165.000000, -0.403908, 13.018859, 85.073063, -223.230413
584, -78.000000, -259.000000, -145.000000, -3.727218, 12.610591, 8.073063, -231.678943
585, -158.000000, -238.000000, -125.000000, -7.517529, 10.921770, -71.926937, -206.333354
586, -225.000000, -199.000000, -94.000000, -10.963388, 7.731055, -138.926937, -159.262975
587, -270.000000, -152.000000, -79.000000, -13.245571, 3.706341, -183.926937, -102.537133
588, -294.000000, -98.000000, -60.000000, -14.169088, -0.748329, -207.926937, -37.362762
589, -306.000000, -51.000000, -45.000000, -14.140636, -5.145049, -219.926937, 19.363080
590, -302.000000, -6.000000, -36.000000, -12.959474, -9.101727, -215.926937, 73.675056
591, -285.000000, 35.000000, -38.000000, -10.950700, -12.310844, -198.926937, 123.159301
592, -269.000000, 68.000000, -35.000000, -8.382047, -14.744556, -182.926937, 162.988084
593, -240.000000, 87.000000, -32.000000, -5.340446, -16.403238, -153.926937, 185.919807
594, -205.000000, 103.000000, -39.000000, -2.067925, -17.300718, -118.926937, 205.230732
595, -167.000000, 117.000000, -46.000000, 1.197812, -17.403118, -80.926937, 222.127791
596, -126.000000, 122.000000, -53.000000, 4.365176, -16.809145, -39.926937, 228.162455
597, -89.000000, 119.000000, -65.000000, 7.337046, -15.521693, -2.926937, 224.541657
598, -52.000000, 115.000000, -78.000000, 9.950946, -13.590239, 34.073063, 219.713926
599, -12.000000, 98.000000, -89.000000, 12.102450, -11.117287, 74.073063, 199.196068
600, 31.000000, 87.000000, -103.000000, 13.635758, -8.259038, 117.073063, 185.919807

=== CALIBRATION ALGORITHM ===
Calibration formula:
Calibrated_X = (TiltCompensated_X  Scale_X) - Center_X
Calibrated_Y = (TiltCompensated_Y  Scale_Y) - Center_Y

Tilt Compensation formula:
pitch_rad = math.radians(pitch)
roll_rad = math.radians(roll)
TiltCompensated_X = mag_x * cos(pitch_rad) + mag_z * sin(pitch_rad)
TiltCompensated_Y = mag_x * sin(roll_rad)*sin(pitch_rad) + mag_y * cos(roll_rad) - mag_z * sin(roll_rad)*cos(pitch_rad)
