=== CALIBRATION PARAMETERS ===
Scale X: 1.000000
Scale Y: 1.204644
Center X: -87.533327
Center Y: -91.216383
Data Points: 575
Timestamp: 20250712_115535

=== RAW AND CALIBRATED DATA ===
Index, Raw_X, Raw_Y, Raw_Z, Pitch, Roll, Calibrated_X, Calibrated_Y
1, -276.000000, -16.000000, -126.000000, 1.403042, -1.490154, -191.469068, 68.214281
2, -276.000000, -18.000000, -127.000000, 1.396273, -1.495409, -191.479351, 65.760228
3, -278.000000, -16.000000, -124.000000, 1.386806, -1.493649, -193.386288, 68.267375
4, -276.000000, -20.000000, -126.000000, 1.378292, -1.494199, -191.417550, 63.383457
5, -277.000000, -15.000000, -121.000000, 1.373116, -1.495994, -192.286666, 69.557309
6, -278.000000, -18.000000, -125.000000, 1.369982, -1.502846, -193.375760, 65.802143
7, -273.000000, -17.000000, -129.000000, 1.366691, -1.504495, -188.465790, 66.871528
8, -273.000000, -20.000000, -124.000000, 1.370506, -1.506257, -188.354355, 63.413189
9, -276.000000, -18.000000, -122.000000, 1.372790, -1.510552, -191.310260, 65.877212
10, -277.000000, -17.000000, -124.000000, 1.380838, -1.513082, -192.374366, 67.013741
11, -275.000000, -20.000000, -125.000000, 1.394519, -1.510155, -190.427293, 63.377090
12, -277.000000, -16.000000, -126.000000, 1.416416, -1.508891, -192.496580, 68.170352
13, -274.000000, -16.000000, -124.000000, 1.429601, -1.513554, -189.475020, 68.222006
14, -274.000000, -19.000000, -129.000000, 1.444380, -1.514589, -189.631255, 64.449920
15, -277.000000, -18.000000, -126.000000, 1.447791, -1.515968, -192.561765, 65.749139
16, -277.000000, -18.000000, -124.000000, 1.443251, -1.516639, -192.501964, 65.810508
17, -277.000000, -19.000000, -127.000000, 1.434745, -1.516488, -192.559709, 64.509718
18, -276.000000, -21.000000, -123.000000, 1.430044, -1.516625, -191.450346, 62.226894
19, -276.000000, -22.000000, -123.000000, 1.422620, -1.516095, -191.435304, 61.022806
20, -278.000000, -15.000000, -125.000000, 1.470724, -1.548918, -193.583361, 69.316740
21, -279.000000, -30.000000, -130.000000, 1.479533, -1.568937, -194.730239, 51.041864
22, -276.000000, -22.000000, -128.000000, 1.468298, -1.557802, -191.655901, 60.765139
23, -272.000000, 3.000000, -122.000000, 1.455360, -1.536809, -187.477498, 91.111956
24, -256.000000, 30.000000, -121.000000, 1.425015, -1.462577, -171.396605, 123.820410
25, -231.000000, 63.000000, -120.000000, 1.287977, -1.299715, -146.105616, 163.953258
26, -168.000000, 96.000000, -124.000000, 1.088604, -1.132721, -82.792175, 203.963262
27, -90.000000, 108.000000, -137.000000, 0.873804, -1.046554, -4.545480, 218.312471
28, -8.000000, 93.000000, -153.000000, 0.531327, -1.030465, 78.114860, 199.917295
29, 46.000000, 61.000000, -164.000000, 0.109997, -1.185751, 133.218393, 160.593464
30, 77.000000, 33.000000, -181.000000, -0.244611, -1.470976, 165.305360, 125.369540
31, 100.000000, 10.000000, -189.000000, -0.508158, -1.742760, 189.205618, 96.365834
32, 99.000000, 2.000000, -188.000000, -0.821077, -1.912873, 189.217203, 86.122538
33, 100.000000, 1.000000, -185.000000, -1.103505, -1.971574, 191.077622, 84.834377
34, 91.000000, 11.000000, -188.000000, -1.337886, -1.898012, 182.898017, 97.046114
35, 81.000000, 27.000000, -179.000000, -1.530753, -1.710197, 173.286137, 117.372051
36, 66.000000, 41.000000, -172.000000, -1.660942, -1.423904, 158.490990, 135.502243
37, 44.000000, 59.000000, -169.000000, -1.694934, -1.072088, 136.512735, 158.499811
38, 18.000000, 78.000000, -162.000000, -1.631575, -0.683064, 110.138575, 182.853776
39, -19.000000, 98.000000, -152.000000, -1.464455, -0.288499, 72.424163, 208.345412
40, -63.000000, 106.000000, -143.000000, -1.203164, 0.077758, 27.549878, 219.144469
41, -110.000000, 105.000000, -132.000000, -0.854709, 0.357764, -20.485399, 218.706708
42, -158.000000, 107.000000, -125.000000, -0.436293, 0.499537, -69.510258, 221.433863
43, -199.000000, 86.000000, -120.000000, 0.005937, 0.487806, -111.479107, 196.042556
44, -233.000000, 63.000000, -117.000000, 0.410614, 0.331626, -146.299171, 167.911817
45, -256.000000, 30.000000, -121.000000, 0.757155, 0.038155, -170.043271, 127.450052
46, -271.000000, -4.000000, -126.000000, 1.023036, -0.357020, -185.673129, 85.488575
47, -278.000000, -38.000000, -127.000000, 1.113281, -0.844018, -192.881705, 43.287537
48, -282.000000, -54.000000, -131.000000, 1.095755, -1.325931, -196.920266, 22.682341
49, -280.000000, -63.000000, -134.000000, 1.031259, -1.772347, -194.833038, 10.556128
50, -283.000000, -61.000000, -134.000000, 0.941695, -2.153363, -197.630732, 11.930958
51, -279.000000, -63.000000, -135.000000, 0.876762, -2.471230, -193.499749, 8.604828
52, -283.000000, -58.000000, -130.000000, 0.920254, -2.667741, -197.518072, 14.389541
53, -286.000000, -42.000000, -129.000000, 1.017828, -2.782553, -200.713041, 33.435314
54, -272.000000, -7.000000, -125.000000, 1.184475, -2.809133, -186.992492, 75.747735
55, -262.000000, 26.000000, -121.000000, 1.381076, -2.730222, -177.306904, 115.922820
56, -250.000000, 47.000000, -118.000000, 1.541620, -2.545107, -165.550751, 141.828678
57, -236.000000, 61.000000, -120.000000, 1.620864, -2.289444, -151.766522, 159.189852
58, -231.000000, 59.000000, -121.000000, 1.573568, -2.016070, -146.702280, 157.389291
59, -231.000000, 59.000000, -118.000000, 1.393911, -1.795331, -146.268777, 158.015507
60, -261.000000, 29.000000, -118.000000, 1.094788, -1.705862, -175.673595, 122.083654
61, -277.000000, -62.000000, -136.000000, 0.934120, -1.651447, -191.647034, 11.995359
62, -232.000000, -165.000000, -156.000000, 0.780126, -1.563531, -146.569163, -112.499232
63, -137.000000, -225.000000, -185.000000, 0.594627, -1.416273, -51.379228, -185.211392
64, -34.000000, -238.000000, -211.000000, 0.370536, -1.255945, 52.169495, -200.985461
65, 50.000000, -205.000000, -223.000000, 0.130494, -1.048069, 137.025304, -160.610582
66, 106.000000, -143.000000, -224.000000, -0.427759, -0.765899, 195.202697, -84.626507
67, 125.000000, -75.000000, -214.000000, -1.003992, -0.349219, 216.263859, -0.685197
68, 97.000000, -4.000000, -200.000000, -1.385701, 0.063643, 189.341497, 86.662210
69, 48.000000, 47.000000, -181.000000, -1.555277, 0.441084, 140.428232, 149.498833
70, -18.000000, 81.000000, -161.000000, -1.560469, 0.666527, 73.924347, 191.048171
71, -84.000000, 96.000000, -146.000000, -1.458010, 0.735758, 7.275394, 209.143501
72, -145.000000, 90.000000, -133.000000, -1.334944, 0.675646, -54.328809, 201.563598
73, -198.000000, 75.000000, -126.000000, -1.233100, 0.519531, -107.709301, 182.983520
74, -239.000000, 44.000000, -122.000000, -1.162119, 0.287752, -148.943181, 144.987338
75, -265.000000, 15.000000, -120.000000, -1.120424, -0.002994, -175.069546, 109.278170
76, -282.000000, -19.000000, -121.000000, -1.100699, -0.325681, -192.090272, 67.463032
77, -283.000000, -42.000000, -126.000000, -1.057184, -0.704839, -193.093764, 38.680909
78, -283.000000, -67.000000, -127.000000, -0.976058, -1.107350, -193.262216, 7.451843
79, -278.000000, -75.000000, -126.000000, -0.838950, -1.551028, -188.591991, -3.339535
80, -277.000000, -80.000000, -128.000000, -0.640928, -2.011376, -188.017526, -10.638369
81, -281.000000, -79.000000, -131.000000, -0.377291, -2.464654, -192.597956, -10.744444
82, -282.000000, -71.000000, -125.000000, -0.030400, -2.871149, -194.400311, -1.757618
83, -282.000000, -50.000000, -123.000000, 0.411810, -3.213263, -195.343437, 22.910544
84, -283.000000, -33.000000, -123.000000, 0.944940, -3.435385, -197.456649, 42.993814
85, -268.000000, -11.000000, -125.000000, 1.531191, -3.506177, -183.711121, 69.312040
86, -258.000000, 18.000000, -122.000000, 2.117532, -3.399105, -174.798332, 104.834906
87, -237.000000, 41.000000, -119.000000, 2.566281, -3.079644, -154.557219, 133.528483
88, -209.000000, 69.000000, -120.000000, 2.837351, -2.527612, -127.150562, 168.438316
89, -143.000000, 93.000000, -136.000000, 2.887347, -1.767250, -62.135780, 198.416568
90, -40.000000, 90.000000, -159.000000, 2.214720, -0.897969, 41.418725, 196.650723
91, 45.000000, 50.000000, -185.000000, 0.956918, -0.447328, 129.437441, 149.700020
92, 105.000000, -11.000000, -204.000000, -0.396933, -0.790456, 193.944064, 74.588486
93, 119.000000, -83.000000, -217.000000, -1.363288, -1.872508, 211.662424, -17.143513
94, 103.000000, -149.000000, -226.000000, -1.660555, -3.229544, 197.039121, -103.119119
95, 53.000000, -201.000000, -224.000000, -1.078326, -4.380008, 144.739448, -170.722583
96, -12.000000, -234.000000, -214.000000, -0.105199, -5.002864, 75.926265, -212.079850
97, -88.000000, -237.000000, -200.000000, 0.897650, -5.084352, -3.589135, -214.362847
98, -165.000000, -217.000000, -177.000000, 1.753655, -4.719240, -82.805997, -186.339031
99, -233.000000, -168.000000, -152.000000, 2.318761, -3.980601, -151.425656, -122.587905
100, -272.000000, -106.000000, -137.000000, 2.468945, -3.004228, -190.115851, -44.202134
101, -285.000000, -38.000000, -129.000000, 2.164041, -2.016748, -202.134540, 40.459631
102, -258.000000, 30.000000, -118.000000, 1.402534, -1.194697, -173.277593, 124.543586
103, -206.000000, 79.000000, -124.000000, 0.332011, -0.754199, -119.181752, 184.427791
104, -146.000000, 103.000000, -127.000000, -0.827861, -0.844544, -56.616487, 212.989058
105, -76.000000, 109.000000, -140.000000, -1.746923, -1.411692, 15.836526, 218.261044
106, -20.000000, 96.000000, -151.000000, -2.281348, -2.176915, 73.559962, 199.838275
107, 18.000000, 79.000000, -163.000000, -2.412854, -2.920750, 112.379635, 176.309752
108, 49.000000, 61.000000, -171.000000, -2.302824, -3.473016, 143.364713, 152.239683
109, 61.000000, 51.000000, -174.000000, -2.111091, -3.722967, 154.901589, 139.098258
110, 59.000000, 49.000000, -176.000000, -1.998495, -3.687179, 152.635131, 136.654833
111, 52.000000, 50.000000, -171.000000, -1.965139, -3.413010, 145.366577, 139.213404
112, 41.000000, 62.000000, -166.000000, -1.985754, -2.931606, 134.260772, 155.672976
113, 21.000000, 74.000000, -163.000000, -2.012460, -2.281238, 114.244418, 172.513690
114, -8.000000, 88.000000, -152.000000, -1.969186, -1.537563, 84.761077, 192.267781
115, -40.000000, 100.000000, -148.000000, -1.721010, -0.845026, 51.996221, 209.018192
116, -51.000000, 103.000000, -141.000000, -1.393897, -0.268294, 39.978341, 214.491272
117, -90.000000, 108.000000, -134.000000, -0.942613, 0.236105, -0.250066, 221.989323
118, -175.000000, 98.000000, -122.000000, -0.331264, 0.647190, -86.758391, 210.937783
119, -256.000000, 29.000000, -122.000000, 0.247823, 0.908841, -168.991967, 128.456622
120, -284.000000, -61.000000, -134.000000, 0.730295, 0.861368, -198.151529, 20.102313
121, -242.000000, -152.000000, -149.000000, 1.145457, 0.451220, -157.396923, -90.516533
122, -165.000000, -217.000000, -176.000000, 1.173434, -0.302974, -81.036349, -171.287161
123, -69.000000, -240.000000, -203.000000, 0.596756, -1.121628, 16.422790, -202.612564
124, 23.000000, -225.000000, -221.000000, -0.311532, -1.706000, 111.734615, -187.629671
125, 86.000000, -176.000000, -225.000000, -1.333967, -1.795176, 178.748022, -129.110041
126, 115.000000, -112.000000, -229.000000, -2.215528, -1.400695, 211.300186, -50.270816
127, 115.000000, -48.000000, -211.000000, -2.699545, -0.761317, 212.343493, 30.111684
128, 91.000000, 16.000000, -200.000000, -2.811365, -0.114290, 188.233379, 110.021369
129, 35.000000, 58.000000, -180.000000, -2.629144, 0.328470, 130.753286, 162.315303
130, -26.000000, 88.000000, -166.000000, -2.258644, 0.562189, 68.095680, 199.192668
131, -90.000000, 99.000000, -144.000000, -1.831441, 0.558047, 2.181431, 212.192924
132, -145.000000, 89.000000, -135.000000, -1.476523, 0.371393, -53.939938, 199.510453
133, -195.000000, 78.000000, -127.000000, -1.201871, 0.015827, -104.759940, 185.222256
134, -229.000000, 50.000000, -119.000000, -1.024616, -0.366349, -139.302103, 150.499387
135, -256.000000, 25.000000, -117.000000, -0.916511, -0.796427, -166.562454, 119.302180
136, -270.000000, 2.000000, -119.000000, -0.878198, -1.212975, -180.611064, 90.485351
137, -280.000000, -20.000000, -125.000000, -0.845787, -1.623197, -190.591013, 62.727195
138, -283.000000, -35.000000, -126.000000, -0.779307, -2.007014, -193.726764, 43.601999
139, -278.000000, -43.000000, -128.000000, -0.648465, -2.364983, -189.000215, 32.941962
140, -282.000000, -49.000000, -124.000000, -0.471819, -2.702095, -193.436009, 25.080772
141, -279.000000, -45.000000, -123.000000, -0.195228, -3.010844, -191.045948, 29.239417
142, -283.000000, -35.000000, -121.000000, 0.170346, -3.258501, -195.825167, 40.894399
143, -276.000000, -23.000000, -124.000000, 0.607616, -3.415540, -189.766136, 54.869952
144, -272.000000, -3.000000, -121.000000, 1.017754, -3.472916, -186.572992, 79.133257
145, -267.000000, 7.000000, -119.000000, 1.400689, -3.391583, -182.295752, 91.621080
146, -254.000000, 22.000000, -120.000000, 1.741221, -3.176246, -169.995634, 110.187118
147, -240.000000, 42.000000, -124.000000, 2.062785, -2.797143, -156.774482, 134.974192
148, -180.000000, 80.000000, -127.000000, 2.427408, -2.190454, -97.684062, 182.026306
149, -91.000000, 95.000000, -144.000000, 2.588911, -1.393789, -9.878222, 201.529069
150, 7.000000, 77.000000, -172.000000, 2.833341, -0.700929, 86.022641, 181.430353
151, 74.000000, 23.000000, -191.000000, 2.770409, 0.177903, 152.215059, 119.650031
152, 118.000000, -39.000000, -213.000000, 2.316820, 0.946792, 196.826320, 48.573003
153, 118.000000, -107.000000, -221.000000, 1.254852, 1.074050, 200.665227, -32.610458
154, 87.000000, -168.000000, -223.000000, 0.125222, 0.552985, 174.045745, -108.559576
155, 43.000000, -209.000000, -222.000000, -0.768061, -0.444676, 133.505327, -162.616669
156, -20.000000, -239.000000, -213.000000, -1.231824, -1.696975, 72.116965, -204.179442
157, -92.000000, -239.000000, -194.000000, -1.227594, -2.977355, -0.289318, -208.564261
158, -163.000000, -215.000000, -177.000000, -0.820300, -4.046639, -72.915957, -182.380057
159, -222.000000, -177.000000, -159.000000, -0.074119, -4.769433, -134.260802, -137.221815
160, -266.000000, -119.000000, -145.000000, 0.865352, -5.046586, -180.626222, -66.518411
161, -279.000000, -54.000000, -132.000000, 1.841778, -4.836187, -195.564961, 13.908842
162, -264.000000, 15.000000, -126.000000, 2.595721, -4.126828, -181.902134, 99.363760
163, -225.000000, 64.000000, -121.000000, 2.971604, -3.126524, -143.436891, 161.025915
164, -174.000000, 94.000000, -124.000000, 2.828557, -2.030172, -92.373783, 199.463002
165, -111.000000, 109.000000, -131.000000, 2.191665, -1.109001, -28.395236, 219.544929
166, -54.000000, 104.000000, -143.000000, 1.243511, -0.545478, 30.442707, 214.867553
167, -13.000000, 98.000000, -154.000000, 0.268323, -0.397825, 73.812271, 207.981124
168, 16.000000, 78.000000, -165.000000, -0.540414, -0.482719, 105.088872, 183.502324
169, 34.000000, 66.000000, -165.000000, -1.105849, -0.674093, 124.711413, 168.388686
170, 34.000000, 63.000000, -168.000000, -1.471098, -0.839499, 125.835131, 164.152044
171, 32.000000, 68.000000, -164.000000, -1.725904, -0.891975, 124.458187, 170.066249
172, 21.000000, 76.000000, -163.000000, -1.890094, -0.806053, 113.898029, 180.011224
173, 3.000000, 90.000000, -158.000000, -1.989437, -0.593769, 96.016528, 197.658610
174, -29.000000, 101.000000, -150.000000, -2.086942, -0.296652, 64.014955, 211.942308
175, -56.000000, 101.000000, -141.000000, -2.162079, -0.060831, 36.892621, 212.702491
176, -64.000000, 107.000000, -138.000000, -2.120421, 0.098476, 28.683133, 220.403574
177, -101.000000, 111.000000, -130.000000, -1.967474, 0.317826, -8.943952, 225.821208
178, -186.000000, 94.000000, -120.000000, -1.624789, 0.607986, -94.989396, 206.047300
179, -264.000000, 25.000000, -121.000000, -1.174911, 0.946817, -173.930109, 123.844247
180, -278.000000, -73.000000, -138.000000, -0.513200, 1.146813, -189.219468, 6.682057
181, -237.000000, -164.000000, -156.000000, 0.278143, 1.045761, -150.221182, -102.907927
182, -150.000000, -217.000000, -180.000000, 0.947615, 0.401701, -65.423043, -168.685964
183, -53.000000, -241.000000, -207.000000, 1.007799, -0.669809, 30.900705, -201.984565
184, 31.000000, -219.000000, -219.000000, 0.508711, -1.796877, 116.587699, -180.753411
185, 92.000000, -170.000000, -225.000000, -0.502028, -2.484899, 181.501229, -125.089495
186, 118.000000, -98.000000, -216.000000, -1.751740, -2.524138, 212.081056, -37.986923
187, 112.000000, -31.000000, -206.000000, -2.806663, -1.956540, 209.485957, 45.657469
188, 73.000000, 24.000000, -192.000000, -3.425866, -1.116968, 171.876220, 115.724157
189, 14.000000, 67.000000, -174.000000, -3.604852, -0.257153, 112.445883, 170.992613
190, -49.000000, 90.000000, -156.000000, -3.437365, 0.456364, 47.974828, 201.153250
191, -111.000000, 93.000000, -141.000000, -3.005777, 0.936105, -15.920398, 206.119079
192, -170.000000, 89.000000, -127.000000, -2.426054, 1.109797, -76.938393, 201.538036
193, -212.000000, 63.000000, -128.000000, -1.790214, 1.020630, -120.364473, 169.984286
194, -248.000000, 33.000000, -118.000000, -1.171409, 0.704721, -158.002508, 132.789729
195, -264.000000, 4.000000, -120.000000, -0.618705, 0.216319, -175.155494, 96.593631
196, -277.000000, -25.000000, -123.000000, -0.182901, -0.408892, -189.072619, 60.036026
197, -283.000000, -41.000000, -127.000000, 0.127999, -1.093067, -195.749685, 38.930981
198, -286.000000, -62.000000, -129.000000, 0.347421, -1.785266, -199.243620, 11.788592
199, -282.000000, -66.000000, -129.000000, 0.429500, -2.390165, -195.425750, 5.404615
200, -285.000000, -65.000000, -124.000000, 0.532208, -2.917162, -198.606171, 5.576534
201, -282.000000, -52.000000, -126.000000, 0.717294, -3.337543, -196.021946, 20.092744
202, -277.000000, -18.000000, -122.000000, 1.103504, -3.589293, -191.764848, 60.778637
203, -232.000000, 49.000000, -122.000000, 1.787889, -3.632320, -148.160068, 141.371480
204, -146.000000, 92.000000, -136.000000, 2.772771, -3.330622, -64.874755, 192.843693
205, -36.000000, 88.000000, -161.000000, 3.912387, -2.424365, 40.632035, 189.070400
206, 55.000000, 46.000000, -184.000000, 4.681367, -0.818393, 127.332798, 143.391770
207, 111.000000, -27.000000, -210.000000, 4.590150, 0.992687, 181.371523, 63.249944
208, 119.000000, -104.000000, -219.000000, 3.639120, 2.437124, 192.393025, -22.370726
209, 90.000000, -171.000000, -220.000000, 1.800036, 2.803265, 170.578410, -101.409814
210, 26.000000, -223.000000, -214.000000, -0.144543, 1.989341, 114.073112, -168.311238
211, -51.000000, -239.000000, -209.000000, -1.556072, 0.362242, 42.227579, -195.086154
212, -135.000000, -231.000000, -182.000000, -2.208812, -1.597846, -40.351817, -193.231954
213, -209.000000, -191.000000, -166.000000, -2.109754, -3.529762, -115.213905, -151.308125
214, -259.000000, -130.000000, -149.000000, -1.282986, -5.130294, -168.065564, -81.431027
215, -277.000000, -60.000000, -132.000000, 0.117571, -6.102752, -189.736954, 2.515193
216, -265.000000, 15.000000, -127.000000, 1.770553, -6.235831, -181.264082, 93.640513
217, -224.000000, 69.000000, -122.000000, 3.248015, -5.554851, -143.019148, 161.223119
218, -161.000000, 98.000000, -125.000000, 4.124887, -4.182939, -82.040960, 199.019574
219, -87.000000, 107.000000, -139.000000, 4.134115, -2.503261, -9.260997, 213.025962
220, -29.000000, 99.000000, -151.000000, 3.282014, -1.049048, 49.936046, 207.167962
221, 20.000000, 76.000000, -164.000000, 1.933870, -0.184412, 101.987593, 182.130759
222, 52.000000, 59.000000, -173.000000, 0.541705, 0.178889, 137.895392, 162.942553
223, 70.000000, 46.000000, -173.000000, -0.640068, 0.157640, 159.461552, 147.200576
224, 72.000000, 37.000000, -176.000000, -1.536885, -0.024358, 164.227831, 135.699109
225, 69.000000, 38.000000, -175.000000, -2.146255, -0.192861, 163.038752, 136.293980
226, 60.000000, 47.000000, -171.000000, -2.647913, -0.292267, 155.369182, 146.801312
227, 51.000000, 53.000000, -172.000000, -2.998537, -0.424660, 147.460900, 153.551020
228, 46.000000, 61.000000, -170.000000, -3.239500, -0.509728, 143.066490, 162.905681
229, 28.000000, 71.000000, -163.000000, -3.304220, -0.485923, 124.881701, 175.097040
230, -19.000000, 97.000000, -153.000000, -3.118963, -0.127549, 76.886093, 207.654134
231, -102.000000, 107.000000, -136.000000, -2.578386, 0.414499, -8.245295, 221.333959
232, -187.000000, 87.000000, -128.000000, -1.764703, 1.033243, -95.436222, 198.907695
233, -255.000000, 37.000000, -120.000000, -0.637867, 1.422523, -166.114953, 139.447822
234, -282.000000, -36.000000, -131.000000, 0.611464, 1.371545, -195.848628, 51.551872
235, -270.000000, -106.000000, -142.000000, 1.589577, 0.633511, -186.301822, -34.677264
236, -225.000000, -175.000000, -157.000000, 2.038260, -0.571456, -142.908310, -121.374866
237, -162.000000, -219.000000, -180.000000, 1.811697, -1.912669, -80.076360, -179.481377
238, -86.000000, -241.000000, -195.000000, 0.923057, -3.025594, -1.596902, -211.007332
239, -22.000000, -235.000000, -212.000000, -0.384662, -3.658213, 66.957099, -207.603902
240, 32.000000, -216.000000, -220.000000, -1.750691, -3.696313, 126.239515, -185.447077
241, 79.000000, -182.000000, -225.000000, -2.863002, -3.264984, 177.673025, -142.820096
242, 106.000000, -147.000000, -224.000000, -3.563224, -2.584828, 207.249990, -97.474126
243, 119.000000, -109.000000, -218.000000, -3.850552, -1.824811, 220.904320, -48.060362
244, 120.000000, -62.000000, -215.000000, -3.811811, -1.162451, 221.560972, 11.496030
245, 109.000000, -30.000000, -208.000000, -3.541035, -0.682707, 209.172010, 52.196402
246, 90.000000, 5.000000, -198.000000, -3.139997, -0.376066, 188.243827, 95.715270
247, 73.000000, 25.000000, -192.000000, -2.673835, -0.270578, 169.410705, 120.260454
248, 49.000000, 48.000000, -183.000000, -2.179480, -0.346404, 143.457357, 147.719985
249, 28.000000, 67.000000, -177.000000, -1.697044, -0.518168, 120.762843, 170.005839
250, 2.000000, 75.000000, -170.000000, -1.275787, -0.786729, 93.317854, 178.745751
251, -20.000000, 83.000000, -165.000000, -0.919353, -1.122126, 70.183334, 187.283076
252, -40.000000, 85.000000, -159.000000, -0.627588, -1.466766, 49.277294, 188.661562
253, -52.000000, 91.000000, -156.000000, -0.398988, -1.782983, 36.620909, 194.925454
254, -61.000000, 96.000000, -151.000000, -0.206783, -2.098619, 27.078688, 200.113854
255, -69.000000, 96.000000, -155.000000, -0.009817, -2.352495, 18.559885, 199.099859
256, -72.000000, 96.000000, -150.000000, 0.205696, -2.678072, 14.995281, 198.307645
257, -66.000000, 94.000000, -148.000000, 0.501733, -3.099281, 20.239854, 194.686008
258, -65.000000, 90.000000, -150.000000, 0.978520, -3.621791, 19.981171, 188.089356
259, -48.000000, 88.000000, -151.000000, 1.562602, -4.220838, 35.433532, 183.670501
260, -36.000000, 82.000000, -155.000000, 2.137671, -4.681702, 45.776765, 174.570162
261, -15.000000, 77.000000, -159.000000, 2.601975, -4.812149, 65.330601, 167.664425
262, -9.000000, 72.000000, -160.000000, 2.798936, -4.587440, 70.731068, 162.317981
263, 11.000000, 56.000000, -166.000000, 2.610424, -4.022571, 90.961486, 144.454648
264, 28.000000, 57.000000, -172.000000, 2.116661, -3.181072, 109.161522, 148.216218
265, 36.000000, 51.000000, -173.000000, 1.449668, -2.319448, 119.145115, 144.126924
266, 55.000000, 39.000000, -180.000000, 0.706410, -1.557469, 140.309950, 132.264886
267, 66.000000, 25.000000, -182.000000, -0.003446, -0.944415, 153.544273, 117.714791
268, 75.000000, 11.000000, -192.000000, -0.601241, -0.560690, 164.543938, 102.212880
269, 83.000000, 5.000000, -190.000000, -1.058768, -0.434419, 174.029964, 95.518356
270, 101.000000, -24.000000, -196.000000, -1.457996, -0.619821, 193.487668, 59.786752
271, 115.000000, -75.000000, -205.000000, -1.762388, -1.185649, 208.783625, -4.131961
272, 91.000000, -152.000000, -207.000000, -1.706733, -1.973332, 184.658183, -100.251336
273, 33.000000, -207.000000, -204.000000, -1.359292, -2.919829, 125.363307, -170.287753
274, -43.000000, -228.000000, -186.000000, -0.648644, -3.705309, 46.641738, -197.385451
275, -121.000000, -228.000000, -175.000000, 0.286011, -4.071566, -34.338733, -197.665715
276, -189.000000, -192.000000, -155.000000, 1.139767, -3.990182, -104.512442, -152.189982
277, -238.000000, -145.000000, -139.000000, 1.672428, -3.660757, -154.422037, -93.253037
278, -267.000000, -84.000000, -126.000000, 1.929727, -3.075853, -183.558141, -17.386679
279, -272.000000, -30.000000, -119.000000, 1.819279, -2.449965, -188.107469, 49.429955
280, -248.000000, 26.000000, -116.000000, 1.421622, -1.857156, -163.268234, 118.233654
281, -204.000000, 65.000000, -119.000000, 0.782286, -1.430952, -118.072371, 165.998135
282, -145.000000, 91.000000, -128.000000, 0.022313, -1.287379, -57.516510, 197.348577
283, -87.000000, 103.000000, -135.000000, -0.699535, -1.462279, 2.188010, 211.071959
284, -28.000000, 92.000000, -146.000000, -1.185835, -1.853889, 62.560830, 196.274494
285, 27.000000, 69.000000, -154.000000, -1.447263, -2.386906, 118.414264, 166.575194
286, 56.000000, 48.000000, -168.000000, -1.489498, -2.892347, 147.881349, 138.845572
287, 78.000000, 22.000000, -172.000000, -1.401627, -3.218054, 169.717206, 106.177933
288, 85.000000, 11.000000, -177.000000, -1.289411, -3.363508, 176.494758, 92.073137
289, 98.000000, 5.000000, -181.000000, -1.230255, -3.313342, 189.396870, 84.776951
290, 88.000000, 3.000000, -180.000000, -1.219123, -3.101190, 179.343106, 83.218968
291, 82.000000, 11.000000, -182.000000, -1.265116, -2.751577, 173.531652, 94.034451
292, 75.000000, 24.000000, -173.000000, -1.334567, -2.337314, 166.542236, 111.692700
293, 69.000000, 31.000000, -174.000000, -1.324806, -1.974083, 160.537791, 121.385864
294, 67.000000, 34.000000, -173.000000, -1.276418, -1.639829, 158.370424, 126.246669
295, 51.000000, 50.000000, -163.000000, -1.159285, -1.365027, 141.820697, 146.784468
296, 25.000000, 68.000000, -160.000000, -0.945010, -1.142940, 115.168772, 169.281738
297, -20.000000, 90.000000, -148.000000, -0.617900, -0.868355, 69.130548, 196.916189
298, -93.000000, 97.000000, -137.000000, -0.267391, -0.601507, -4.826304, 206.322416
299, -156.000000, 92.000000, -127.000000, 0.112615, -0.421726, -68.715991, 200.917314
300, -213.000000, 57.000000, -117.000000, 0.465124, -0.352922, -126.409444, 159.024513
301, -249.000000, 24.000000, -114.000000, 0.755015, -0.441741, -162.947246, 119.098777
302, -266.000000, -33.000000, -117.000000, 0.870943, -0.784968, -180.214370, 49.602895
303, -268.000000, -77.000000, -121.000000, 0.829372, -1.210113, -182.190043, -4.499867
304, -253.000000, -122.000000, -132.000000, 0.646633, -1.662214, -166.940265, -60.200825
305, -223.000000, -160.000000, -141.000000, 0.331184, -2.082228, -136.277959, -107.514398
306, -198.000000, -185.000000, -155.000000, -0.070610, -2.412909, -110.275505, -139.318658
307, -167.000000, -206.000000, -161.000000, -0.465695, -2.609111, -78.152578, -165.586114
308, -128.000000, -225.000000, -171.000000, -0.848585, -2.697719, -37.920115, -189.330107
309, -100.000000, -231.000000, -177.000000, -1.162088, -2.716414, -8.856391, -196.962649
310, -83.000000, -230.000000, -185.000000, -1.337755, -2.702508, 8.874979, -196.158728
311, -62.000000, -229.000000, -186.000000, -1.401174, -2.689227, 30.100060, -194.938698
312, -52.000000, -231.000000, -187.000000, -1.378992, -2.702018, 40.048659, -197.434613
313, -44.000000, -231.000000, -193.000000, -1.248724, -2.752588, 47.749752, -197.953461
314, -43.000000, -232.000000, -193.000000, -1.018470, -2.849146, 47.970641, -199.516168
315, -43.000000, -226.000000, -191.000000, -0.741493, -2.962149, 47.008684, -192.593177
316, -50.000000, -233.000000, -189.000000, -0.429515, -3.082657, 38.951547, -201.327283
317, -57.000000, -233.000000, -189.000000, -0.085747, -3.189396, 30.816242, -201.703959
318, -74.000000, -231.000000, -185.000000, 0.270902, -3.258833, 12.659453, -199.251197
319, -89.000000, -231.000000, -180.000000, 0.648429, -3.277084, -3.498030, -198.926650
320, -105.000000, -228.000000, -178.000000, 1.018722, -3.230872, -20.614760, -194.962307
321, -127.000000, -228.000000, -172.000000, 1.373084, -3.107037, -43.551764, -194.067350
322, -162.000000, -213.000000, -163.000000, 1.704332, -2.881163, -79.242923, -174.622227
323, -205.000000, -181.000000, -147.000000, 1.973529, -2.583086, -122.407428, -134.195474
324, -240.000000, -143.000000, -138.000000, 2.100730, -2.172786, -157.363965, -86.820603
325, -261.000000, -90.000000, -125.000000, 2.052418, -1.729352, -177.775961, -21.353767
326, -264.000000, -46.000000, -121.000000, 1.805165, -1.302627, -180.147261, 32.732816
327, -261.000000, -4.000000, -119.000000, 1.378616, -0.994825, -176.254153, 84.041683
328, -241.000000, 32.000000, -117.000000, 0.860057, -0.832339, -155.195723, 127.777050
329, -202.000000, 64.000000, -121.000000, 0.331682, -0.874317, -115.163747, 166.101982
330, -164.000000, 87.000000, -127.000000, -0.142212, -1.056129, -76.150946, 193.173721
331, -118.000000, 100.000000, -130.000000, -0.503304, -1.365988, -29.320175, 207.883732
332, -71.000000, 103.000000, -139.000000, -0.733251, -1.717642, 18.317965, 210.187592
333, -31.000000, 98.000000, -147.000000, -0.858183, -2.074768, 58.738505, 202.763576
334, -11.000000, 86.000000, -152.000000, -0.870876, -2.375460, 78.844856, 187.129981
335, 20.000000, 78.000000, -157.000000, -0.767368, -2.583617, 109.634186, 176.573003
336, 32.000000, 62.000000, -157.000000, -0.613851, -2.666630, 121.213512, 157.044006
337, 39.000000, 56.000000, -163.000000, -0.432935, -2.662317, 127.763853, 149.499723
338, 44.000000, 54.000000, -163.000000, -0.252454, -2.559155, 132.251100, 147.445311
339, 48.000000, 53.000000, -164.000000, -0.108828, -2.378267, 135.844743, 146.813962
340, 40.000000, 61.000000, -162.000000, -0.029217, -2.150503, 127.615931, 157.325856
341, 29.000000, 68.000000, -157.000000, 0.010517, -1.910253, 116.504508, 166.782028
342, 14.000000, 73.000000, -154.000000, 0.032001, -1.658734, 101.447312, 173.748319
343, -1.000000, 87.000000, -153.000000, 0.054781, -1.413005, 86.387042, 191.443676
344, -17.000000, 88.000000, -148.000000, 0.080820, -1.190313, 70.324578, 193.499186
345, -34.000000, 93.000000, -145.000000, 0.112367, -1.013394, 53.249022, 200.142917
346, -53.000000, 101.000000, -141.000000, 0.176524, -0.876834, 34.099168, 210.274947
347, -74.000000, 106.000000, -139.000000, 0.248233, -0.792513, 12.931808, 216.585812
348, -92.000000, 105.000000, -132.000000, 0.321258, -0.751797, -5.205349, 215.614940
349, -108.000000, 103.000000, -133.000000, 0.394765, -0.763429, -21.380466, 213.161003
350, -122.000000, 100.000000, -130.000000, 0.461880, -0.814064, -35.510670, 209.460603
351, -132.000000, 92.000000, -124.000000, 0.493309, -0.893597, -45.529391, 199.722024
352, -147.000000, 97.000000, -123.000000, 0.511863, -0.974535, -60.559637, 205.556895
353, -152.000000, 90.000000, -126.000000, 0.526987, -1.073184, -65.619133, 196.804164
354, -163.000000, 90.000000, -123.000000, 0.567780, -1.187788, -76.677535, 196.580078
355, -168.000000, 86.000000, -122.000000, 0.612518, -1.303722, -81.761284, 191.494574
356, -165.000000, 87.000000, -126.000000, 0.667154, -1.420192, -78.922603, 192.283950
357, -175.000000, 81.000000, -117.000000, 0.709708, -1.551460, -88.902460, 185.011789
358, -170.000000, 85.000000, -123.000000, 0.750127, -1.674738, -84.062397, 189.315762
359, -173.000000, 87.000000, -120.000000, 0.769587, -1.773914, -87.062839, 191.582401
360, -171.000000, 83.000000, -120.000000, 0.788106, -1.848434, -85.101050, 186.578882
361, -166.000000, 86.000000, -123.000000, 0.804675, -1.894777, -80.177686, 189.953351
362, -172.000000, 83.000000, -121.000000, 0.827970, -1.918583, -86.197201, 186.366554
363, -170.000000, 92.000000, -121.000000, 0.856209, -1.918437, -84.255808, 197.204897
364, -162.000000, 87.000000, -123.000000, 0.875882, -1.897293, -76.327975, 191.156683
365, -158.000000, 90.000000, -125.000000, 0.893657, -1.863209, -72.397033, 194.778287
366, -148.000000, 91.000000, -124.000000, 0.896825, -1.820864, -62.389380, 196.126543
367, -147.000000, 92.000000, -125.000000, 0.884755, -1.767282, -61.379307, 197.431930
368, -138.000000, 96.000000, -123.000000, 0.862520, -1.714859, -52.302586, 202.451748
369, -143.000000, 98.000000, -128.000000, 0.970045, -1.680454, -57.613177, 204.785142
370, -144.000000, 97.000000, -125.000000, 1.120253, -1.656284, -58.883007, 203.764611
371, -143.000000, 98.000000, -125.000000, 1.237229, -1.639216, -58.132340, 205.023148
372, -137.000000, 94.000000, -127.000000, 1.324428, -1.622143, -52.365497, 200.185888
373, -138.000000, 94.000000, -126.000000, 1.369467, -1.586950, -53.438585, 200.317222
374, -138.000000, 92.000000, -121.000000, 1.275209, -1.518015, -53.125321, 198.242319
375, -133.000000, 100.000000, -130.000000, 1.104862, -1.419843, -47.948643, 207.840717
376, -132.000000, 99.000000, -132.000000, 0.987744, -1.357881, -46.722545, 206.740030
377, -132.000000, 100.000000, -128.000000, 1.240703, -1.702857, -47.207267, 207.148956
378, -125.000000, 97.000000, -126.000000, 1.780952, -2.175165, -41.322179, 202.402141
379, -122.000000, 97.000000, -125.000000, 2.737187, -2.780167, -40.296827, 200.974344
380, -120.000000, 102.000000, -126.000000, 3.927583, -3.375897, -40.815287, 205.542858
381, -111.000000, 101.000000, -134.000000, 5.121858, -3.832186, -34.986212, 202.665763
382, -109.000000, 100.000000, -130.000000, 6.079202, -4.039966, -34.621113, 201.390129
383, -111.000000, 106.000000, -134.000000, 6.963918, -4.473921, -38.894525, 207.285336
384, -111.000000, 105.000000, -130.000000, 7.674238, -4.879961, -39.832762, 205.561843
385, -107.000000, 105.000000, -133.000000, 8.187891, -5.172443, -37.317780, 204.547002
386, -98.000000, 102.000000, -131.000000, 8.612904, -5.226346, -28.979797, 200.976994
387, -102.000000, 102.000000, -128.000000, 8.709387, -5.160709, -32.672635, 201.555808
388, -101.000000, 101.000000, -135.000000, 9.324728, -5.084483, -34.006059, 199.931566
389, -96.000000, 101.000000, -138.000000, 9.879049, -4.813047, -30.719702, 200.379630
390, -90.000000, 103.000000, -142.000000, 10.499144, -4.102139, -26.835219, 204.358306
391, -93.000000, 94.000000, -141.000000, 10.980856, -3.804125, -30.621746, 194.556459
392, -97.000000, 100.000000, -140.000000, 11.912877, -3.646614, -36.276921, 202.475514
393, -99.000000, 99.000000, -144.000000, 12.293100, -3.473054, -39.856156, 201.527730
394, -100.000000, 98.000000, -142.000000, 12.367983, -3.237212, -40.560798, 201.104664
395, -98.000000, 98.000000, -140.000000, 11.848981, -3.227801, -37.125101, 201.155464
396, -105.000000, 102.000000, -132.000000, 10.899004, -4.305363, -40.531029, 203.816695
397, -110.000000, 107.000000, -122.000000, 9.782386, -5.005893, -41.595893, 208.948675
398, -104.000000, 101.000000, -136.000000, 8.740710, -5.177282, -35.925820, 199.494977
399, -107.000000, 99.000000, -136.000000, 7.554028, -5.299894, -36.416757, 196.529920
400, -105.000000, 101.000000, -138.000000, 7.156829, -5.369471, -33.841425, 198.390968
401, -101.000000, 95.000000, -144.000000, 7.437963, -4.312967, -31.257998, 193.582172
402, -97.000000, 98.000000, -143.000000, 7.676067, -3.488132, -27.698293, 199.615505
403, -92.000000, 97.000000, -143.000000, 7.652586, -3.026540, -22.690045, 199.668841
404, -86.000000, 97.000000, -145.000000, 7.768753, -2.354037, -17.277749, 201.434775
405, -78.000000, 98.000000, -141.000000, 7.879106, -2.241038, -9.059065, 203.105701
406, -62.000000, 100.000000, -136.000000, 8.068897, -2.438410, 7.057653, 205.116489
407, -25.000000, 96.000000, -142.000000, 8.361198, -2.117500, 42.150399, 200.691801
408, 29.000000, 70.000000, -154.000000, 8.450612, -1.054353, 93.587117, 172.056162
409, 89.000000, 14.000000, -178.000000, 7.786045, 0.836370, 151.598405, 111.392730
410, 115.000000, -46.000000, -186.000000, 6.509081, 2.871131, 180.706938, 47.809874
411, 122.000000, -92.000000, -190.000000, 4.655316, 4.743680, 193.710215, 0.620885
412, 111.000000, -128.000000, -189.000000, 1.845400, 5.589336, 192.389440, -39.661812
413, 97.000000, -147.000000, -190.000000, -0.357773, 5.636023, 185.717848, -62.604174
414, 90.000000, -161.000000, -188.000000, -1.643839, 5.178083, 182.889344, -81.789402
415, 86.000000, -166.000000, -189.000000, -2.610326, 4.955644, 182.051723, -88.767229
416, 86.000000, -163.000000, -188.000000, -3.375705, 5.082298, 184.454127, -84.881410
417, 99.000000, -150.000000, -189.000000, -3.371037, 5.499711, 197.475557, -67.537526
418, 113.000000, -132.000000, -192.000000, -3.020395, 6.039291, 210.493105, -43.368288
419, 118.000000, -112.000000, -189.000000, -2.223655, 6.645416, 212.777738, -17.107513
420, 123.000000, -84.000000, -187.000000, -1.127701, 7.000604, 214.189817, 17.875584
421, 124.000000, -65.000000, -188.000000, 0.022058, 6.970967, 211.460940, 40.986525
422, 120.000000, -50.000000, -181.000000, 1.345754, 6.692651, 203.249320, 57.194453
423, 110.000000, -16.000000, -177.000000, 2.973731, 5.999889, 188.202780, 95.023565
424, 67.000000, 43.000000, -157.000000, 4.787939, 4.811426, 141.195039, 159.206767
425, -27.000000, 90.000000, -144.000000, 6.437368, 3.379207, 44.558708, 209.391417
426, -120.000000, 101.000000, -133.000000, 7.569499, 1.091646, -48.940888, 215.526411
427, -200.000000, 71.000000, -125.000000, 7.426826, -2.096613, -126.946309, 172.365495
428, -254.000000, 14.000000, -112.000000, 5.469293, -5.159859, -175.985293, 98.557102
429, -278.000000, -44.000000, -105.000000, 2.444215, -7.249366, -194.691653, 24.491239
430, -261.000000, -116.000000, -123.000000, -1.295175, -8.442607, -170.619806, -69.800222
431, -231.000000, -169.000000, -130.000000, -5.273348, -7.952359, -130.541017, -135.523454
432, -176.000000, -217.000000, -148.000000, -8.349152, -5.695471, -65.111009, -189.462141
433, -116.000000, -233.000000, -162.000000, -9.713035, -2.433460, 0.527781, -198.380877
434, -53.000000, -244.000000, -178.000000, -9.930659, 0.881539, 66.024621, -199.263104
435, -8.000000, -232.000000, -186.000000, -9.281109, 3.448228, 109.635844, -174.361401
436, 19.000000, -220.000000, -197.000000, -7.807488, 5.009144, 133.118674, -152.535687
437, 34.000000, -218.000000, -197.000000, -6.523877, 5.644941, 143.695763, -147.388339
438, 28.000000, -223.000000, -190.000000, -5.609162, 5.689231, 133.970245, -153.841810
439, 22.000000, -223.000000, -193.000000, -5.044683, 5.440296, 126.419102, -154.472962
440, 17.000000, -226.000000, -189.000000, -4.661012, 5.156523, 119.835305, -159.685703
441, -1.000000, -233.000000, -184.000000, -4.666632, 4.714706, 101.506527, -170.349623
442, -21.000000, -240.000000, -181.000000, -4.837035, 4.185665, 81.870388, -181.113627
443, -61.000000, -242.000000, -172.000000, -5.393652, 3.362973, 42.971069, -187.299627
444, -136.000000, -233.000000, -146.000000, -6.352153, 1.830085, -31.478428, -183.161443
445, -230.000000, -184.000000, -121.000000, -7.338682, -0.800175, -125.126770, -132.929744
446, -287.000000, -105.000000, -96.000000, -7.481345, -4.405611, -184.524006, -47.163395
447, -289.000000, -24.000000, -87.000000, -5.892913, -8.419852, -191.007213, 42.117829
448, -242.000000, 48.000000, -95.000000, -1.906334, -11.562818, -151.172499, 122.995840
449, -164.000000, 98.000000, -116.000000, 3.747575, -12.371234, -83.697855, 179.422490
450, -71.000000, 104.000000, -139.000000, 9.495334, -10.054307, -5.424358, 188.206286
451, 15.000000, 83.000000, -156.000000, 13.383876, -5.028307, 66.015977, 174.426624
452, 84.000000, 30.000000, -170.000000, 14.518259, 1.100499, 126.233973, 131.643878
453, 119.000000, -22.000000, -171.000000, 13.000839, 6.513824, 165.013902, 91.313328
454, 129.000000, -71.000000, -173.000000, 9.766929, 9.992602, 185.315758, 47.196712
455, 132.000000, -104.000000, -177.000000, 6.266459, 11.655628, 199.424650, 14.842933
456, 120.000000, -137.000000, -177.000000, 3.215012, 12.193532, 197.417750, -23.419578
457, 113.000000, -158.000000, -174.000000, 0.827631, 12.458699, 198.008215, -48.995961
458, 104.000000, -167.000000, -174.000000, -0.856949, 12.832856, 194.124043, -58.800108
459, 108.000000, -166.000000, -168.000000, -1.723968, 13.402942, 200.538617, -57.325362
460, 111.000000, -163.000000, -172.000000, -1.916687, 14.143613, 204.223981, -49.679792
461, 117.000000, -156.000000, -171.000000, -1.656702, 14.848563, 209.428180, -38.709859
462, 117.000000, -148.000000, -171.000000, -0.440588, 15.405087, 205.844795, -26.234321
463, 129.000000, -135.000000, -165.000000, 1.482514, 15.726668, 212.221289, -10.375763
464, 137.000000, -115.000000, -164.000000, 4.040792, 15.586424, 212.636228, 13.852664
465, 138.000000, -64.000000, -163.000000, 7.501543, 14.638370, 203.072111, 71.304617
466, 119.000000, 8.000000, -154.000000, 12.108478, 12.343372, 171.582300, 145.834141
467, 48.000000, 76.000000, -137.000000, 16.232491, 8.995301, 95.323442, 208.945919
468, -39.000000, 99.000000, -142.000000, 18.914759, 4.009546, 4.608375, 220.434467
469, -111.000000, 98.000000, -136.000000, 19.271706, -2.594526, -62.133249, 204.147611
470, -182.000000, 92.000000, -106.000000, 16.664906, -8.790602, -117.220391, 191.655663
471, -247.000000, 58.000000, -84.000000, 11.766717, -13.461169, -171.406120, 150.230634
472, -289.000000, 16.000000, -70.000000, 5.618880, -17.182568, -206.931842, 94.908899
473, -299.000000, -38.000000, -73.000000, -1.437578, -19.301176, -209.541151, 15.968306
474, -293.000000, -86.000000, -85.000000, -8.550273, -18.804100, -189.572653, -56.407132
475, -271.000000, -147.000000, -88.000000, -14.398943, -15.618280, -153.070816, -128.827929
476, -237.000000, -192.000000, -97.000000, -18.269415, -10.449435, -107.112100, -172.596565
477, -190.000000, -234.000000, -110.000000, -20.291052, -4.089920, -52.529054, -204.478089
478, -128.000000, -252.000000, -124.000000, -20.550564, 2.761877, 11.207092, -202.653582
479, -62.000000, -265.000000, -140.000000, -18.912807, 9.188429, 74.258568, -194.576043
480, -6.000000, -253.000000, -153.000000, -15.366955, 14.210326, 122.292842, -160.135315
481, 26.000000, -247.000000, -158.000000, -11.288767, 17.124456, 143.959420, -139.985870
482, 27.000000, -243.000000, -159.000000, -8.044816, 18.256008, 136.519291, -128.792518
483, 18.000000, -251.000000, -156.000000, -6.077932, 18.479876, 121.949594, -137.053724
484, 11.000000, -248.000000, -154.000000, -5.446769, 18.301029, 113.101483, -134.828956
485, -2.000000, -257.000000, -151.000000, -6.077204, 17.738817, 101.530702, -148.470038
486, -32.000000, -260.000000, -145.000000, -7.667817, 16.679399, 75.166743, -157.651111
487, -95.000000, -263.000000, -131.000000, -10.046827, 14.776177, 16.843445, -170.404943
488, -192.000000, -229.000000, -108.000000, -12.975895, 11.194146, -75.313441, -144.704415
489, -267.000000, -156.000000, -85.000000, -14.744349, 5.047741, -149.041584, -80.064233
490, -286.000000, -66.000000, -95.000000, -13.556403, -2.162297, -168.230376, 4.521836
491, -261.000000, -2.000000, -112.000000, -9.184960, -8.445507, -152.242513, 61.900821
492, -207.000000, 55.000000, -132.000000, -2.098105, -11.791910, -114.495295, 121.734166
493, -130.000000, 91.000000, -137.000000, 5.903460, -10.990964, -55.868039, 170.601144
494, -39.000000, 91.000000, -151.000000, 10.963970, -5.702656, 20.526252, 183.439510
495, 38.000000, 59.000000, -172.000000, 12.048223, 0.309019, 88.793874, 163.433788
496, 85.000000, 9.000000, -179.000000, 9.891747, 4.941115, 140.519814, 121.829591
497, 115.000000, -39.000000, -191.000000, 6.222129, 7.250592, 181.154669, 75.373979
498, 114.000000, -81.000000, -194.000000, 2.470835, 7.697437, 193.063837, 26.585659
499, 113.000000, -112.000000, -194.000000, -0.501664, 6.960502, 202.227577, -14.533863
500, 110.000000, -131.000000, -194.000000, -2.340877, 5.863358, 205.365394, -42.465217
501, 105.000000, -146.000000, -194.000000, -3.342264, 4.753790, 203.665015, -65.332997
502, 103.000000, -139.000000, -195.000000, -3.673204, 3.879299, 202.814524, -60.523483
503, 108.000000, -137.000000, -190.000000, -3.548639, 3.345177, 207.086459, -60.678632
504, 116.000000, -126.000000, -195.000000, -2.774176, 3.322422, 212.835301, -47.107725
505, 125.000000, -104.000000, -187.000000, -1.273226, 3.544392, 216.657634, -20.110766
506, 133.000000, -61.000000, -174.000000, 1.320216, 4.001536, 216.489047, 32.793059
507, 105.000000, 18.000000, -150.000000, 4.982184, 4.753178, 179.109714, 128.652243
508, 30.000000, 81.000000, -147.000000, 9.564022, 5.586347, 92.692356, 205.912318
509, -59.000000, 97.000000, -160.000000, 14.475451, 4.109491, -9.588135, 219.867304
510, -133.000000, 86.000000, -155.000000, 17.316715, -0.801274, -85.574592, 192.979764
511, -216.000000, 63.000000, -120.000000, 16.077322, -6.868994, -153.250785, 158.569686
512, -279.000000, 11.000000, -80.000000, 11.245432, -12.341330, -201.711075, 97.967528
513, -310.000000, -51.000000, -63.000000, 3.613799, -16.786713, -225.821208, 17.320689
514, -293.000000, -124.000000, -68.000000, -6.311898, -18.653048, -196.214582, -88.765262
515, -248.000000, -190.000000, -88.000000, -15.920148, -16.013369, -126.816441, -179.512893
516, 120.000000, -89.000000, -195.000000, -1.013878, 1.809185, 210.964983, -8.609238
517, 120.000000, -95.000000, -197.000000, -0.991085, 1.450635, 210.922851, -17.244574
518, 122.000000, -94.000000, -196.000000, -0.724271, 1.323912, 212.001132, -16.578096
519, 125.000000, -78.000000, -192.000000, -0.280747, 1.354653, 213.472614, 2.730828
520, 125.000000, -61.000000, -192.000000, 0.413271, 1.476990, 211.145203, 23.746984
521, 121.000000, -34.000000, -184.000000, 1.343272, 1.067005, 204.186678, 54.455650
522, 98.000000, 20.000000, -170.000000, 2.753269, 0.619068, 177.254230, 117.579243
523, 24.000000, 83.000000, -148.000000, 4.751988, -0.427946, 99.190097, 189.854140
524, -89.000000, 107.000000, -132.000000, 7.236166, -1.726525, -17.384470, 215.708951
525, -178.000000, 75.000000, -139.000000, 9.054528, -4.304358, -110.123656, 171.431664
526, -241.000000, 25.000000, -132.000000, 8.264683, -7.819372, -169.938290, 105.321036
527, -283.000000, -50.000000, -102.000000, 4.636045, -9.665833, -202.785012, 15.902525
528, -274.000000, -141.000000, -89.000000, -0.357764, -9.512712, -185.905605, -94.361837
529, -210.000000, -215.000000, -106.000000, -6.204448, -8.403392, -109.780502, -187.548939
530, -119.000000, -250.000000, -139.000000, -11.952415, -5.054258, -0.099950, -225.821208
531, -26.000000, -251.000000, -168.000000, -14.531125, 1.336604, 104.517219, -206.314067
532, 50.000000, -221.000000, -179.000000, -12.519642, 7.359142, 175.147013, -147.526363
533, 103.000000, -173.000000, -188.000000, -8.320580, 11.237226, 216.654920, -73.022134
534, 126.000000, -119.000000, -192.000000, -3.750080, 13.386747, 225.821208, 2.894909
535, 127.000000, -76.000000, -196.000000, 0.825270, 14.110139, 211.697129, 60.517422
536, 120.000000, -37.000000, -186.000000, 4.671092, 13.496656, 191.987727, 102.743199
537, 108.000000, -10.000000, -180.000000, 7.513287, 12.171688, 171.070000, 128.353072
538, 91.000000, 15.000000, -177.000000, 9.652022, 10.572585, 147.568636, 150.920016
539, 72.000000, 31.000000, -176.000000, 11.385341, 8.850144, 123.372940, 162.727099
540, 60.000000, 34.000000, -166.000000, 12.655086, 7.315368, 109.708206, 158.701043
541, 65.000000, 37.000000, -169.000000, 13.444816, 6.231394, 111.457982, 158.993342
542, 75.000000, 29.000000, -168.000000, 14.007523, 5.794689, 119.638842, 148.006050
543, 103.000000, 0.000000, -174.000000, 14.226586, 6.258559, 144.612711, 116.690319
544, 126.000000, -49.000000, -182.000000, 13.777723, 7.857962, 166.563557, 66.797482
545, 126.000000, -134.000000, -181.000000, 11.725767, 10.402202, 174.119693, -23.436100
546, 63.000000, -216.000000, -175.000000, 7.416974, 12.500196, 127.415563, -115.451127
547, -32.000000, -250.000000, -164.000000, 1.530735, 13.152518, 51.163783, -157.340991
548, -125.000000, -245.000000, -137.000000, -4.655352, 11.342610, -25.935117, -163.401927
549, -200.000000, -215.000000, -118.000000, -9.436296, 7.433896, -90.414166, -142.351996
550, -253.000000, -167.000000, -110.000000, -12.088099, 2.207513, -136.821142, -102.360497
551, -279.000000, -115.000000, -97.000000, -12.594758, -3.122763, -163.601784, -57.316682
552, -286.000000, -60.000000, -95.000000, -11.730623, -8.161521, -173.178849, -6.181523
553, -284.000000, -18.000000, -90.000000, -9.527935, -12.590991, -177.651336, 34.401410
554, -266.000000, 22.000000, -88.000000, -6.189873, -15.947268, -167.427423, 78.249423
555, -236.000000, 61.000000, -93.000000, -1.848355, -17.902752, -145.344233, 123.901839
556, -185.000000, 85.000000, -106.000000, 3.196072, -18.271936, -103.088746, 152.371167
557, -137.000000, 102.000000, -119.000000, 8.276113, -16.902012, -65.169234, 174.445360
558, -76.000000, 112.000000, -132.000000, 12.685167, -13.841103, -15.597983, 189.916270
559, -23.000000, 94.000000, -147.000000, 15.884183, -9.423998, 25.178562, 176.278097
560, 34.000000, 72.000000, -155.000000, 17.427210, -4.359506, 73.551106, 163.225506
561, 61.000000, 54.000000, -159.000000, 17.488766, 0.128909, 97.931167, 156.727720
562, 73.000000, 47.000000, -156.000000, 16.782875, 3.137376, 112.379631, 158.986575
563, 76.000000, 48.000000, -153.000000, 15.867786, 5.147360, 118.804339, 166.957767
564, 68.000000, 46.000000, -164.000000, 14.999675, 6.478021, 110.770958, 170.198013
565, 56.000000, 54.000000, -166.000000, 14.624631, 6.696084, 99.806400, 180.371231
566, 50.000000, 61.000000, -157.000000, 14.338602, 6.414459, 97.094447, 186.377404
567, 48.000000, 66.000000, -156.000000, 13.984558, 6.051070, 96.411630, 190.975835
568, 34.000000, 75.000000, -147.000000, 13.686810, 4.951624, 85.785521, 196.914814
569, -6.000000, 96.000000, -141.000000, 13.313006, 2.624549, 49.226407, 214.233534
570, -77.000000, 111.000000, -124.000000, 12.115150, -1.062921, -13.776472, 222.560769
571, -194.000000, 89.000000, -94.000000, 10.554591, -4.839576, -120.402549, 192.267310
572, -266.000000, 11.000000, -108.000000, 8.428694, -9.076323, -191.424092, 91.409049
573, -266.000000, -88.000000, -125.000000, 3.584260, -12.265912, -185.760905, -40.044619
574, -223.000000, -183.000000, -124.000000, -1.944060, -11.834908, -131.131777, -157.034619
575, -126.000000, -243.000000, -136.000000, -6.165643, -8.358765, -23.130997, -224.451094

=== CALIBRATION ALGORITHM ===
Calibration formula:
Calibrated_X = (TiltCompensated_X ¡Á Scale_X) - Center_X
Calibrated_Y = (TiltCompensated_Y ¡Á Scale_Y) - Center_Y

Tilt Compensation formula:
pitch_rad = math.radians(pitch)
roll_rad = math.radians(roll)
TiltCompensated_X = mag_x * cos(pitch_rad) + mag_z * sin(pitch_rad)
TiltCompensated_Y = mag_x * sin(roll_rad)*sin(pitch_rad) + mag_y * cos(roll_rad) - mag_z * sin(roll_rad)*cos(pitch_rad)
